Time,Arima,Holt,LSTM,tesla,Persistence prev 20%,Persistence prev day,Actual
0,2.6723118990476458,1.1731596647808842,1.0677876419665526,1.5928,4.0546006618599995,0.9457369052410001,1.27972452082
1,1.0344710311054097,0.9396477992796439,1.0399258823321866,1.3141,3.55256836302,0.64040108797,1.01715863265
2,0.8136626639711781,0.8457341795172982,0.7880590233201641,1.0581,3.1954025506299994,0.6833531872840001,0.904949838144
3,0.8487736912113644,0.8090085004220631,0.828958947920852,0.9486100000000001,3.01246884922,0.648624078297,0.835306182886
4,0.8954876619727491,0.7882372024840413,0.7952992227157883,0.8806799999999999,2.8008627467400005,0.715964395423,0.833626465804
5,0.933632429523294,0.8198431979217904,0.8591530038644472,0.8790399999999999,3.3714853896499997,1.01762760058,0.8509773166590001
6,1.0224462756088983,1.0484529135395524,0.8927788890373556,0.89597,3.6013328887699996,1.3266730440799999,1.5000539677899998
7,1.4314839765269995,1.4056844516438811,1.8457676154098301,1.5290000000000001,4.14967648786,1.56230045842,1.68627410979
8,1.8977681878113324,1.306095556617019,1.893093017025599,1.7107,4.46199457619,1.75544088375,1.8483245182199999
9,1.5131778258856454,1.0712069141606677,2.0258298863627546,1.8687,5.30597693258,2.5415099826599996,2.2707672047400003
10,1.1661167183760375,1.0935085134221776,2.592925397385886,2.2808,5.92169088375,3.14725945513,2.6656690439900004
11,1.181411065658262,1.1115003017831546,3.0009105006775854,2.6659,6.19627107755,3.5779109946800007,3.05528477039
12,1.2182642123564977,1.1510958575480548,3.3945404380166693,3.0459,6.30806991423,3.90554620575,3.23115626417
13,1.1763917344427635,1.140526113775465,3.4334234147093676,3.2175,6.296350331930001,4.235764989930001,3.7155896131599997
14,1.1322120472043895,1.155856093413765,4.062944231101689,3.69,6.32297160243,4.43136086434,3.9463475107199995
15,1.1323328711352643,1.2277846628289433,4.191496037776122,3.915,6.33571473852,4.5873992378,4.13513445181
16,1.2663990328855865,1.5287989706216014,4.33672113112777,4.0992,6.65054461694,4.49893802681,4.10692678745
17,1.7557067138333933,2.117900010756704,4.090086593650272,4.0717,6.660138310210001,4.419363976730001,4.09735234187
18,2.5566616381475042,2.5285351312730224,4.112287403379497,4.0623,6.565756701360001,4.1259757730199995,4.06866438863
19,2.89107857508121,2.492304143217337,4.064270964716359,4.0343,6.56430483841,4.06285457096,3.79273691452
20,2.588772630219906,2.3182478285542,3.514768442448448,3.7652,6.29711509315,3.46499881361,3.29226042893
21,2.2379356565641566,2.136005953144175,2.8309522423292663,3.2771,5.21233135008,2.85176046933,2.6332458203
22,1.9743147992224526,1.789043682577057,2.0692813862657378,2.6343,4.341950185380001,2.15172093809,2.0460807339700002
23,1.481832688333738,1.4370108892605198,1.5457088973016253,2.0616,3.35296909387,1.56547144566,1.4224422826499998
24,1.1161499591606912,1.0470378072441506,0.8888381027168601,1.4533,3.10864382895,1.27972452082,1.09566231972
25,0.7474466963463416,0.9255871836134084,0.8180286513093975,1.1346,2.7432792879,1.01715863265,0.928593486028
26,0.7878617363745732,0.8526010215779998,0.8005291868408805,0.97167,2.45259324296,0.904949838144,0.8107569532410001
27,0.8185595829540213,0.8117070472468426,0.7244209797120947,0.85674,2.32973754412,0.835306182886,0.711004717125
28,0.881784314680535,0.7804246314686415,0.6398417222006536,0.75944,2.0964986606,0.833626465804,0.700754092817
29,0.9146396828694063,0.8064573568263458,0.7188285171505548,0.74944,2.57410722572,0.8509773166590001,0.864298963099
30,1.0320699881043094,1.0513481889270464,1.0306585785281206,0.90896,2.95587816962,1.5000539677899998,1.39088433102
31,1.3959536270831099,1.3910714708401701,1.740395389596505,1.4226,3.3067893391000003,1.68627410979,1.55362160005
32,1.8476022336540625,1.2685321260575162,1.7431488726893805,1.5813,3.42782274198,1.8483245182199999,1.6234894821899999
33,1.437506275083019,1.0133580619922755,1.7147281861755692,1.6494,4.11602560759,2.2707672047400003,1.93138776133
34,1.0758533676403126,1.0087594394227195,2.191575575840975,1.9497,4.47112476988,2.6656690439900004,2.2073048360799996
35,1.1312188260157732,1.0443243251467702,2.469096944387447,2.2189,4.70506516894,3.05528477039,2.47813416937
36,1.1353513448798005,1.0622911479536414,2.7391935293704934,2.483,5.133361851519999,3.23115626417,2.7368710895499997
37,1.1538092665576851,1.080836727522019,2.9897245550068283,2.7354,5.82877481211,3.7155896131599997,2.9865991119300004
38,1.1109803307226598,1.1139633874692794,3.2322774496466833,2.9789,5.9412381677,3.9463475107199995,3.21884167968
39,1.147907300171918,1.2154740655847858,3.451417937080704,3.2055,6.12975878535,4.13513445181,3.34565753043
40,1.2566724188477703,1.5218332007857884,3.4909665585111647,3.3292,6.23808575671,4.10692678745,3.3643853419400003
41,1.7457103096196798,2.1098219529660334,3.401951905481772,3.3474,6.255658192359999,4.09735234187,3.4273122354799996
42,2.531308167277075,2.5128890165145505,3.5108535623390535,3.4088,5.89568183552,4.06866438863,3.37350600602
43,2.839809043811968,2.4588076838916333,3.33680110643575,3.3563,5.75757619118,3.79273691452,3.17205065972
44,2.535431452380099,2.2718148086385317,2.982091073672695,3.1598,5.64524027844,3.29226042893,2.84747072287
45,2.191163641556216,2.0880761150453893,2.5450214523036716,2.8432,4.99947684438,2.6332458203,2.23104609739
46,1.9104469103272301,1.7276856171941624,1.6791448506712225,2.242,3.9574787347099996,2.0460807339700002,1.71922729505
47,1.4260236027239825,1.3739890506495163,1.2783303335720884,1.7428,3.27925401351,1.4224422826499998,1.17321277424
48,1.0835488390036323,1.0030274995857873,0.69447967472153,1.2103,2.73701595835,1.09566231972,0.8885100867710001
49,0.7111494257493284,0.8816300817345731,0.6499429799531584,0.9325700000000001,2.48822636262,0.928593486028,0.7395754341509999
50,0.7383980653399645,0.8078333082981958,0.6281527389854601,0.7873100000000001,2.1155055404799996,0.8107569532410001,0.7532313857240001
51,0.7555770798186614,0.760107893958793,0.7945770654153521,0.8006300000000001,1.8930158031400002,0.711004717125,0.6869407517720001
52,0.827654633640238,0.7313496573724022,0.6407325255585341,0.73597,1.9607938801099998,0.700754092817,0.705066789208
53,0.8467439577968975,0.7519815218275654,0.7484816506917791,0.75365,2.18638624532,0.864298963099,1.05445318718
54,0.9406161348927644,0.9741809091787597,1.3278337738416486,1.0944,2.8515912175800002,1.39088433102,1.5015508756799998
55,1.3548646197135155,1.3349649782399475,1.845952511860882,1.5305,3.24172799963,1.55362160005,1.49208925812
56,1.7741178729134393,1.2013744079226372,1.5003071704450979,1.5213,3.4900435353199994,1.6234894821899999,1.4856790254899999
57,1.4110036309254308,0.9628986500970692,1.5032133401860783,1.515,4.27943236576,1.93138776133,1.5893916517299997
58,1.0328343642092461,0.9599849939513013,1.708989827136775,1.6162,4.56777266304,2.2073048360799996,1.5716779311700002
59,1.0889406727182198,0.9892207047043275,1.5719369505750085,1.5989,5.22756040073,2.47813416937,1.5511805370899998
60,1.083739304246691,1.005025683389539,1.5551170734545954,1.5789,5.71328393875,2.7368710895499997,1.4995497036200003
61,1.105686025727928,1.0207059630000481,1.4717171770981996,1.5286,6.206222063709999,2.9865991119300004,1.4672820849500001
62,1.076778197809348,1.0656452282336109,1.461445848245025,1.4971,6.4523815012,3.21884167968,1.49850794419
63,1.100438847966092,1.163539442484074,1.5542533318330771,1.5275,6.658963095880001,3.34565753043,1.7434008729099997
64,1.2363331227485688,1.4893757367060438,1.965837939632057,1.7664,6.75816657425,3.3643853419400003,2.10536785184
65,1.698963256531439,2.071478942632877,2.408759744144413,2.1194,6.76593498431,3.4273122354799996,2.47160763969
66,2.469815350538322,2.459553610842181,2.7915885330136465,2.4766,6.661335412430001,3.37350600602,2.74170310139
67,2.806292498127612,2.418424336483299,3.0119965154017496,2.7401,6.70664356864,3.17205065972,2.80556273145
68,2.5008211556691804,2.2339636141177053,2.8910736833246315,2.8024,6.187168848580001,2.84747072287,2.51385884908
69,2.166520436731145,2.0515202827083865,2.2036436827717494,2.5179,5.43709133418,2.23104609739,2.0470041544999997
70,1.9091312870536652,1.707072549290618,1.619934025814842,2.0625,4.19605972611,1.71922729505,1.53524497081
71,1.443480386478452,1.3721151592323217,1.0834258356742765,1.5634,3.3037494084500003,1.17321277424,1.02976864953
72,1.080376312387616,1.0002269419480818,0.5866476305055408,1.0703,2.7878485647400004,0.8885100867710001,0.811489999982
73,0.7408702067729378,0.8916938329551272,0.6347543763414067,0.85745,2.6299133911,0.7395754341509999,0.7056953629699999
74,0.7614714676856381,0.8294430018050271,0.6346788568692059,0.75426,2.24213162541,0.7532313857240001,0.657324760243
75,0.7940604522095652,0.7960787024185143,0.6385435352117049,0.70709,2.04548123709,0.6869407517720001,0.618621334539
76,0.8575545512470442,0.7681231055281565,0.6062654108905688,0.6693399999999999,1.98440481375,0.705066789208,0.612662165047
77,0.8767288131182377,0.7892284299194481,0.6327153835274792,0.66352,2.1869850962,1.05445318718,0.88322531484
78,0.9890777554359524,1.0255399981005526,1.1160288015668252,0.92742,2.8749114115200003,1.5015508756799998,1.23601765519
79,1.4186638578713073,1.3909949269095165,1.5359925033940285,1.2715,3.35735291295,1.49208925812,1.15845573395
80,1.820985267850915,1.2585380747742496,1.080507494917935,1.1959,3.9627048856199996,1.4856790254899999,0.970320573485
81,1.4215702951084204,0.991841253995045,0.7995897857171885,1.0124,4.7816014860100005,1.5893916517299997,0.950869334922
82,1.0457115361049663,0.9796822256297871,0.9602163975262986,0.99339,5.34532484324,1.5716779311700002,1.14489847198
83,1.0769451786643416,0.9884907919309793,1.3317697818763665,1.1826,5.61428296847,1.5511805370899998,1.164350368
84,1.0893924099074395,1.0049165582639767,1.2009221459740587,1.2016,6.14819195036,1.4995497036200003,1.06603808329
85,1.099716797777774,1.0140907233843528,0.9833555088633485,1.1057,6.515581766,1.4672820849500001,1.10759653035
86,1.077532451104868,1.0580501710279386,1.1716311603752387,1.1463,6.65308545354,1.49850794419,1.0429709150700002
87,1.0997391198875437,1.1606241424952104,0.9963939463729229,1.0832,6.77121946702,1.7434008729099997,1.29331236254
88,1.2367847089862574,1.4874441285027544,1.5059527990687458,1.3274,6.97887950982,2.10536785184,1.56969874259
89,1.6989485386319971,2.0725448658670684,1.8251366863298175,1.597,6.98379019613,2.47160763969,2.00203954148
90,2.489647988071969,2.4750371789608474,2.3409358747601976,2.0187,6.87356942486,2.74170310139,2.27382899178
91,2.823019461613787,2.435488314492912,2.5477815410330447,2.2837,6.9323330813499995,2.80556273145,2.33471642178
92,2.5215799663807323,2.253138501561685,2.417906757767552,2.3431,6.8947751534,2.51385884908,2.07774326863
93,2.1951512782953335,2.0751958872083813,1.8066121982486258,2.0925,5.85902726592,2.0470041544999997,1.62850196652
94,1.9316762076198835,1.7288030470502656,1.2124873332697703,1.6543,4.63523284442,1.53524497081,1.17408178262
95,1.4518687536210249,1.3825333592777866,0.7720748009091283,1.2111,3.8413750447400004,1.02976864953,0.775365939214
96,1.107580213242216,1.0248841563345619,0.4250178435101533,0.8222200000000001,3.00396050816,0.811489999982,0.64570981174
97,0.7488533785397891,0.9037489088606694,0.5531107783063478,0.69576,2.7006803865299998,0.7056953629699999,0.581457366601
98,0.7695571562882325,0.8423956373283389,0.5479728962603669,0.6330899999999999,2.3793362019799997,0.657324760243,0.5709675243360001
99,0.8017497763638227,0.8111819055317498,0.5878354039688927,0.6228600000000001,2.0088957476,0.618621334539,0.572647077285
100,0.8626054095771538,0.7818425667316714,0.5992467513577956,0.6245,2.03025876347,0.612662165047,0.634748120343
101,0.9083501051055113,0.8182801981066412,0.7184466695585097,0.68507,2.15284898444,0.88322531484,0.867033856521
102,0.9949443891773164,1.0497791644938823,1.084349289824172,0.9116299999999999,2.5216270143400004,1.23601765519,1.2469826907600001
103,1.3752448472500725,1.3740751740217847,1.5579088713286349,1.2822,2.4705377914099995,1.15845573395,1.15500010418
104,1.844599844681456,1.26434172319965,1.059157218934978,1.1925,2.7393185774699997,0.970320573485,1.18174787067
105,1.4477282527410658,1.0113453904678775,1.2308591527779824,1.2186,3.28281417734,0.950869334922,1.42230015747
106,1.0605156054955014,0.990658035985275,1.6416205886461723,1.4532,3.82612557769,1.14489847198,1.83784211248
107,1.0934384620532087,0.999976392997447,2.163059275092164,1.8585,3.9684797456400003,1.164350368,2.1644969564200003
108,1.0683584804662027,0.9953566742529457,2.4683101507547724,2.1771,4.69080155333,1.06603808329,2.4365866476900004
109,1.101938457305709,1.0070105399167621,2.7060181633551648,2.4425,5.07970702483,1.10759653035,2.68663681187
110,1.0747245155593381,1.0505364096756475,2.935268826637071,2.6864,5.51379478752,1.0429709150700002,2.9713717266799997
111,1.1012347468027401,1.1569827696594899,3.2390576309413968,2.9641,5.931293216109999,1.29331236254,3.08950997532
112,1.2367345253742041,1.4852425574627652,3.2285580945485584,3.0793,6.04236260053,1.56969874259,3.19856600806
113,1.699282432537844,2.0750300510795463,3.3247590920517527,3.1857,6.0408871583899995,2.00203954148,3.24917089167
114,2.4698301200851036,2.4682331777827473,3.320026747038763,3.235,5.39497185773,2.27382899178,3.3091489946499997
115,2.8062758861014703,2.4242699593818333,3.390003635657689,3.2935,5.42010905686,2.33471642178,3.1342102853400005
116,2.4924434696356226,2.2343214115943404,2.958623823281855,3.1229,5.38409403788,2.07774326863,2.65927921224
117,2.1493499675180963,2.039410190696691,2.205726633268173,2.6597,4.6058029312099995,1.62850196652,1.9475850318
118,1.8953882485808784,1.689188425828648,1.3469740567423099,1.9655,3.85361359546,1.17408178262,1.36449481046
119,1.4296274762362184,1.3506551038000276,0.8696095473292269,1.3968,3.26154619411,0.775365939214,0.7960395233319999
120,1.0944567607332125,1.002105709431162,0.30455598620303437,0.8423799999999999,2.8204253963999997,0.64570981174,0.639899635255
121,0.7231934127308025,0.8753297400834313,0.5136279664295488,0.69009,2.47481143124,0.581457366601,0.578527778193
122,0.7901224907415951,0.8411921319534064,0.5486385633634272,0.6302300000000001,2.33922317027,0.5709675243360001,0.5707099518850001
123,0.8171242353319725,0.8226215700935375,0.5902253638747393,0.62261,2.22938105982,0.572647077285,0.578017655752
124,0.8661790214709907,0.7940725110500185,0.610100731103685,0.62973,2.21779509644,0.634748120343,0.642549829825
125,0.9155025222427587,0.82879338494828,0.7284328919921499,0.6926800000000001,2.4114297112,0.867033856521,0.89614129503
126,1.0007462713237578,1.0614355693060502,1.1266413742868702,0.9400200000000001,2.8543212518299996,1.2469826907600001,1.26166617565
127,1.3835639291171113,1.39229024277509,1.5680791880941372,1.2965,3.30091141509,1.15500010418,1.15399738218
128,1.8564574939552891,1.2761096341310354,1.0390033972661377,1.1915,3.57145526111,1.18174787067,1.22677305411
129,1.4871314796309245,1.0348691436057447,1.313389386051289,1.2625,3.92468795893,1.42230015747,1.47758419123
130,1.08740775721406,1.0151020394653492,1.7063908927128595,1.5071,4.56541816889,1.83784211248,1.8713962263
131,1.1060896095603598,1.0118486261513264,2.189911623009739,1.8912,4.853306987130001,2.1644969564200003,2.27193479817
132,1.0938123327365845,1.0155174052700588,2.6101065962514176,2.2819,5.26146899179,2.4365866476900004,2.59320757256
133,1.1077406297591743,1.0161033658688616,2.898889444554339,2.5953,5.36994317195,2.68663681187,2.9574419451800003
134,1.0759276515199607,1.051124889089313,3.2791210833047226,2.9505,5.81420123279,2.9713717266799997,3.1739908408099997
135,1.0993131693601077,1.1563853853010408,3.405595691755144,3.1617,5.83814456737,3.08950997532,3.1065895004299997
136,1.2360243099710944,1.4844194617261772,3.0429221617425424,3.096,6.14778463056,3.19856600806,3.19153427574
137,1.7165107750072244,2.084759379143751,3.2908839237858576,3.1788,6.1227063376699995,3.24917089167,3.2777124000200004
138,2.5083834391765456,2.497623299525011,3.3831913299097014,3.2629,5.96767754978,3.3091489946499997,3.34351082994
139,2.8293934212834317,2.4509564614149664,3.429791380469367,3.3271,5.82784989076,3.1342102853400005,3.1833923930299997
140,2.5264496151191,2.2649238441949655,3.0242378508653274,3.1709,5.79705618412,2.65927921224,2.7760827793400003
141,2.170832007227695,2.06771931710326,2.3839867595028807,2.7736,4.92282854813,1.9475850318,2.13233560866
142,1.8950499228109803,1.7011677494025346,1.5712598855559203,2.1457,4.14988584683,1.36449481046,1.5342652204700002
143,1.4223805407366055,1.351364567479371,1.0250289196581572,1.5624,3.56187003434,0.7960395233319999,0.9404139962289999
144,1.0727596634838847,0.9900285241293001,0.4302751660856945,0.9832,3.0591627696,0.639899635255,0.6375507475
145,0.724646429593251,0.8732866107899897,0.381977683192446,0.6878,2.8764613758099995,0.578527778193,0.578346454032
146,0.7317188540971966,0.8084687034661299,0.5523841261157243,0.63005,2.59615671659,0.5707099518850001,0.571085489172
147,0.7590864948965076,0.7754305188182102,0.5912026308383129,0.62297,2.32092240909,0.578017655752,0.5877011340820001
148,0.828841558603342,0.7605353817813121,0.6289202710696487,0.63918,2.29848649636,0.642549829825,0.642730028107
149,0.849095528717573,0.778684478940864,0.7198458797607946,0.69285,2.51932077068,0.89614129503,0.8979047927689999
150,0.966329684215655,1.0195844179063895,1.128400787199583,0.9417399999999999,3.0033506649799997,1.26166617565,1.28627990511
151,1.3568674543857073,1.3657171335447686,1.6025688976708563,1.3205,3.42627747455,1.15399738218,1.16292103737
152,1.8766904393345043,1.2725926100684668,1.0288547160601211,1.2002,3.8589467274900002,1.22677305411,1.02880517724
153,1.4761703406045301,1.020927316005122,0.9220594995342305,1.0694,4.44744086369,1.47758419123,1.29955040048
154,1.107002679775349,1.0135551402589973,1.5148705699643028,1.3335,4.71996308791,1.8713962263,1.67131273007
155,1.1530130903633458,1.0345909896672745,1.9755433154312392,1.6961,5.2226829205300005,2.27193479817,1.9800851481200001
156,1.1369079642559663,1.045665113625935,2.270245679702006,1.9972,6.07283410513,2.59320757256,2.1283111241599997
157,1.1534046459913723,1.0505503101894522,2.298659963558895,2.1418,6.08616350778,2.9574419451800003,2.3621349344099998
158,1.1200734699396508,1.0883404700740718,2.5884797023984842,2.3699,6.123974936180001,3.1739908408099997,2.29036141328
159,1.1391568150465836,1.195210843316783,2.2208454290057453,2.2999,6.24914732037,3.1065895004299997,2.26848166817
160,1.274800761536395,1.5256232081320622,2.2727227413709814,2.2785,6.45883057844,3.19153427574,2.31185943307
161,1.737123876407299,2.1179617040908534,2.378971067135019,2.3208,6.36237507931,3.2777124000200004,2.53369408521
162,2.5082597264130335,2.514374212725933,2.743021988353474,2.5372,6.3626342151,3.34351082994,2.69568851106
163,2.843327693084552,2.4701253422361718,2.8698491886743716,2.6952,6.63445705981,3.1833923930299997,2.67641886035
164,2.5297637849872654,2.2761646536114712,2.671424467232764,2.6764,6.41476519375,2.7760827793400003,2.3478294114
165,2.1776192705424418,2.0756292584124516,2.011844803406279,2.3559,5.68099260357,2.13233560866,1.8463895182099999
166,1.935508140837627,1.7267239570383108,1.3919047731883292,1.8668,4.62000470263,1.5342652204700002,1.26768661594
167,1.4439634219802937,1.3734120003470986,0.763372183159362,1.3024,3.63434929714,0.9404139962289999,0.771245779481
168,1.0827636582677282,1.0063842476203737,0.3406345192330865,0.8182,3.20984890351,0.6375507475,0.643813788724
169,0.7292979610055043,0.8793298220347872,0.5479583013553262,0.69391,2.8069202013,0.578346454032,0.579998143431
170,0.7426525813020964,0.8208726722840228,0.5465852227337898,0.63167,2.6431557832299997,0.571085489172,0.569817806657
171,0.7889531248262089,0.8019953816075489,0.5869947859641519,0.62174,2.36207619563,0.5877011340820001,0.576390565185
172,0.871993299120943,0.7977544053654546,0.6078453594892449,0.62815,2.31030719025,0.642730028107,0.64541241624
173,0.8985969741088962,0.8298550933023783,0.7353598805628473,0.69547,2.5007880502,0.8979047927689999,0.877309764451
174,0.9941111628726007,1.0610601339184926,1.0949308209805273,0.92165,2.8654709628500004,1.28627990511,1.27443257509
175,1.3860547695367655,1.410983283693778,1.5925794248663223,1.3090000000000002,3.35490068559,1.16292103737,1.15813973099
176,1.8536091298930915,1.279005868201937,1.0325942052204848,1.1956,3.77585835199,1.02880517724,1.0387300727600002
177,1.4531554832434093,1.0112239262919875,0.9467934112910462,1.0791,4.542760514709999,1.29955040048,1.2982700338700002
178,1.0715362237013077,0.9903368882115747,1.5105091144882357,1.3322,4.83821609811,1.67131273007,1.64659924128
179,1.0973834459841465,0.9876467906642692,1.9401137628885323,1.672,5.48302830352,1.9800851481200001,1.87263219627
180,1.1630343212625283,1.032986929990935,2.1064616696844767,1.8924,6.06467230733,2.1283111241599997,2.09588907912
181,1.1550520179102788,1.0428771451086338,2.3215425554427855,2.1102,6.19235179712,2.3621349344099998,2.3647203488099997
182,1.1270458537805974,1.0808851459500552,2.619364228392958,2.3724,6.23007683769,2.29036141328,2.42640470644
183,1.1382709177934802,1.1905196288357205,2.5079278249240184,2.4326,6.35485447847,2.26848166817,2.44807005979
184,1.274848704616675,1.522478460829482,2.4909087000337005,2.4537,6.564051163919999,2.31185943307,2.6154623735599998
185,1.7364354719386246,2.1171157194837944,2.7852458121629176,2.617,6.463754462509999,2.53369408521,2.76871904856
186,2.508201137197701,2.517726551808753,2.9338746831687876,2.7664,6.358816340290001,2.69568851106,2.80521440796
187,2.843272848776032,2.4724040405381587,2.860944977243886,2.802,6.58847240168,2.67641886035,2.75319380275
188,2.52981319629534,2.27746509197358,2.7201053432812246,2.7513,6.165689679730001,2.3478294114,2.42152486689
189,2.1672819211587013,2.0736913630731557,2.087247629373103,2.4278,5.45645743262,1.8463895182099999,1.8475115614300002
190,1.8785549928522416,1.6911189662738129,1.3319990119391747,1.8679,4.5997353141,1.26768661594,1.34266534402
191,1.3703903376051803,1.3147740728939477,0.9049860088995829,1.3755,3.4571808209199997,0.771245779481,0.770409310123
192,1.0526973603105487,0.9648880257315694,0.26992003469886994,0.81738,3.0699196641400004,0.643813788724,0.651513684371
193,0.6855217427214914,0.8334402367613318,0.5534465460292358,0.7014199999999999,2.54946533841,0.579998143431,0.594420773537
194,0.7350247621475775,0.7951437607380719,0.5668543473744467,0.64573,2.24965401092,0.569817806657,0.599172312148
195,0.7540810708620278,0.7748348096586842,0.6306718657190082,0.65037,2.0938018870599997,0.576390565185,0.608353241118
196,0.8277129307295201,0.7603855468493855,0.6418172484883289,0.65932,2.0457537283900002,0.64541241624,0.671592202236
197,0.8614128203488388,0.7959589720286951,0.756229870397161,0.721,2.45955706304,0.877309764451,0.9440943331080001
198,0.9554893063657088,1.028597691234788,1.1853098677391938,0.98679,2.97069703756,1.27443257509,1.3114611730299999
199,1.340904649737178,1.3743564771107795,1.6201814604923852,1.3451,3.23102020115,1.15813973099,1.20651503966
200,1.7660896247489926,1.2154883677375437,1.095054494667906,1.2427,3.7543849459800005,1.0387300727600002,1.10818023309
201,1.3900895750494389,0.9451159129097071,1.03724898687405,1.1468,4.32709608632,1.2982700338700002,1.40363566232
202,0.9959668446877341,0.9161175624760166,1.6361228791987639,1.435,4.84704014616,1.64659924128,1.8563523001400002
203,1.0509569522259912,0.9296315212287556,2.194339933393706,1.8766,5.6194543044700005,1.87263219627,2.18563272042
204,1.1042253304423146,0.9615823552253276,2.494093795235548,2.1977,6.21718233797,2.09588907912,2.5555667411400003
205,1.1081371655753798,0.97816940075548,2.8809284805293696,2.5585,6.3029885389,2.3647203488099997,2.79179170843
206,1.0819625452145183,1.0215666359624906,3.039115275117224,2.7889,6.45128177967,2.42640470644,3.0726389515400006
207,1.0997493976853046,1.1387638934052102,3.3386996164063043,3.0629,6.575203729759999,2.44807005979,3.12786711195
208,1.2362481558930154,1.475249479039334,3.2028218297643085,3.1167,6.6733616413400005,2.6154623735599998,3.1078743147900005
209,1.69842450104986,2.0736583235573005,3.1077014289985425,3.0972,6.67788038581,2.76871904856,3.20009115302
210,2.469762350541147,2.4789561593090506,3.3091017628797177,3.1872,6.56603599727,2.80521440796,3.2280213259900004
211,2.806259490827184,2.434492923391457,3.2770064999502675,3.2144,6.73276338548,2.75319380275,3.1163825943199996
212,2.4920864309333686,2.2379158915716664,3.0177232865333976,3.1055,6.5397428482099995,2.42152486689,2.68408839513
213,2.12842016471612,2.032045525399763,2.258616346090686,2.6839,5.786987878220001,1.8475115614300002,1.9981790573299998
214,1.83853350421348,1.6479350910600155,1.4114756121120338,2.0149,4.33637300325,1.34266534402,1.46751305627
215,1.342418953338002,1.2824855289812218,1.0130789587487299,1.4973,3.48854302943,0.770409310123,0.8867652634819999
216,0.9783388454128932,0.9062948694805146,0.38130021335635433,0.9308700000000001,3.0892804197400006,0.651513684371,0.7905882359819999
217,0.6056872546877236,0.7625027476037294,0.7090753559082288,0.83706,2.8240576980400003,0.594420773537,0.6599805963440001
218,0.6165240536520422,0.6967474215587548,0.5540233335672461,0.70968,2.52568120911,0.599172312148,0.608268198102
219,0.6604813907094,0.6799727861571688,0.586895433252911,0.6592399999999999,2.04572238808,0.608353241118,0.596251199274
220,0.7304152128543278,0.667032649422562,0.611182349779606,0.64752,1.98164491873,0.671592202236,0.609888124302
221,0.769300623814734,0.7020684858417794,0.6483125448196687,0.66082,2.67071554216,0.9440943331080001,0.6790688848049999
222,0.8883398603384125,0.9492961587121024,0.7691817845924761,0.72829,2.9879545181700005,1.3114611730299999,0.92757654994
223,1.295786711284241,1.3109183128415145,1.1554513895622076,0.9706799999999999,3.10665164642,1.20651503966,1.27855926025
224,1.7316275617814747,1.1718440750308023,1.5778650660549147,1.3130000000000002,3.18283747842,1.10818023309,1.33797882031
225,1.339059546360755,0.8926032635440901,1.4192423785023904,1.371,3.8743641310300005,1.40363566232,1.3788838419
226,1.0165928021261499,0.8999363997799233,1.4410582681074378,1.4109,4.10667479496,1.8563523001400002,1.7334505845599997
227,1.0598893966308904,0.9279549223368346,2.0111797295378944,1.7567,4.768877806540001,2.18563272042,2.12904530554
228,1.1110435237771767,0.9536171482824076,2.4549515435823244,2.1425,5.50344224717,2.5555667411400003,2.26705385933
229,1.1081349885843574,0.9701705536023634,2.4320745643045156,2.2771,6.192540332130001,2.79179170843,2.1574559717299997
230,1.0815080296778508,1.0139965928340495,2.048856065351264,2.1702,6.33920116584,3.0726389515400006,2.04139196264
231,1.0990194005936047,1.1328046940823955,1.952249257168047,2.057,6.46408962204,3.12786711195,1.98586327692
232,1.2360707403361,1.4711557880866593,1.9601777394402764,2.0029,6.564705925069999,3.1078743147900005,1.86675448902
233,1.698389332706435,2.071808290790357,1.7688979365100173,1.8867,6.46485752347,3.20009115302,2.05880314415
234,2.469813159611168,2.4809388944724144,2.232525007127696,2.074,6.463293897740001,3.2280213259900004,2.31425781118
235,2.8062846741510326,2.436601292706345,2.552946924208201,2.3232,6.63215476977,3.1163825943199996,2.4808496482599995
236,2.4920977801041326,2.238475689167668,2.6614871655974106,2.4857,6.37438121602,2.68408839513,2.43616771772
237,2.128419198240708,2.0311691760383797,2.4018917905584356,2.4421,5.63157778994,1.9981790573299998,2.15032050463
238,1.8385315859872522,1.6475454069708098,1.8651324388768313,2.1633,4.77040672258,1.46751305627,1.60317254754
239,1.342417442303066,1.2800361204132622,1.1029801173112679,1.6296,3.74384282479,0.8867652634819999,1.16480608684
240,0.9783385136040426,0.9055151336306325,0.7841740667943216,1.2021,3.02919455741,0.7905882359819999,0.785222681955
241,0.605687280314918,0.7605762194614505,0.45143090866008934,0.83183,2.73921211977,0.6599805963440001,0.652753597188
242,0.6205959869264484,0.7012127688662857,0.5581004175991054,0.70263,2.43664675348,0.608268198102,0.600990782539
243,0.6887405539595826,0.6983611329890294,0.580229981160002,0.6521399999999999,2.05514553629,0.596251199274,0.594538611651
244,0.7664822844870885,0.6987727505240044,0.6149257429526529,0.64585,2.1771962373400005,0.609888124302,0.606124260724
245,0.7942842218286942,0.735362268450183,0.642342005934641,0.65715,2.33006529958,0.6790688848049999,0.6816793326430001
246,0.9152689616752365,0.9828666674231678,0.7774649697533341,0.7308399999999999,2.75446576965,0.92757654994,0.904607871998
247,1.3229195547970958,1.3419575657096705,1.116962283775449,0.9482700000000001,3.1495332852099995,1.27855926025,1.25272921271
248,1.7407833377742938,1.1958203038622024,1.5486480456888996,1.2878,3.32986905796,1.33797882031,1.2240675717
249,1.323936550849383,0.9034486907627395,1.2045661787576036,1.2599,4.03602376393,1.3788838419,1.33995040563
250,1.0145934313288583,0.8981405835961573,1.466155570278219,1.3729,4.3091959483,1.7334505845599997,1.6022611885
251,1.0576228191632546,0.926259499661991,1.8417893422298175,1.6287,5.013458610940001,2.12904530554,2.03611961333
252,1.1118678256486196,0.9466419072765525,2.371878886932877,2.0519,5.83880629962,2.26705385933,2.24218752252
253,1.108367718502981,0.9623333284724983,2.4671923805751073,2.2529,5.910068744909999,2.1574559717299997,2.5040536857099998
254,1.0818133850188576,1.0063843630738045,2.7558076376060088,2.5083,6.12219001759,2.04139196264,2.57661983611
255,1.0990192927343443,1.1265844899536706,2.6692874036396885,2.5791,6.14072407612,1.98586327692,2.5668208956900003
256,1.2360659641145033,1.4667263318956612,2.5765315512894524,2.5695,6.14207448051,1.86675448902,2.3447368867400002
257,1.6983598921306875,2.0695509806406682,2.12474142090881,2.3529,6.256133301749999,2.05880314415,2.37964105658
258,2.46980675741669,2.482252148796876,2.430967400925579,2.3869,5.93354719607,2.31425781118,2.5203328639900002
259,2.8062821507554565,2.438584117549061,2.670849002652888,2.5242,5.761694693019999,2.4808496482599995,2.63823108694
260,2.4920996401873663,2.239260175276309,2.772716281383435,2.6392,5.6640964687099995,2.43616771772,2.4977991391099996
261,2.1284200430529903,2.0305550638564736,2.3556615704293353,2.5022,4.79801716853,2.15032050463,2.0547517177900003
262,1.8385321004643616,1.6471202868669672,1.6254202466545253,2.0701,4.01490169161,1.60317254754,1.57755748322
263,1.3424174233180777,1.2779063363396366,1.1557931962370378,1.6046,3.5448195308,1.16480608684,1.15992948687
264,0.9783384594714262,0.9045222322717386,0.7932605329193113,1.1973,3.0247866876700003,0.785222681955,0.81047628109
265,0.6056872200468889,0.7591961679402854,0.5050696071556873,0.85646,2.78910367209,0.652753597188,0.6821505123899999
266,0.616524167521479,0.7030133864034962,0.591821947082413,0.7313,2.52365370408,0.600990782539,0.630250007453
267,0.6768206969183735,0.693248855663524,0.6091780857143986,0.6806800000000001,2.4203629213299998,0.594538611651,0.625416541488
268,0.7488014869507081,0.6880663347631917,0.6473818497712467,0.67596,2.20040157015,0.606124260724,0.638739497281
269,0.790040424791696,0.7339674898162899,0.6766132484506842,0.68896,2.4903286101099997,0.6816793326430001,0.70578057823
270,0.9112241292457461,0.9839163670238189,0.793919159797228,0.75435,2.9730661023900002,0.904607871998,0.95105309765
271,1.2844145369848394,1.319882650986641,1.1767766678536487,0.9935700000000001,3.1030134842900003,1.25272921271,1.28438661638
272,1.7364815593895124,1.1840892219071142,1.5746794268047508,1.3187,3.41865504667,1.2240675717,1.15828188174
273,1.3422655498214742,0.9185297449118512,1.0207124525163147,1.1957,4.12916631253,1.33995040563,1.12803909881
274,1.0139116575039988,0.8990095364123196,1.1249799356018921,1.1662,4.8305033564099995,1.6022611885,1.35128338296
275,1.0595711979311497,0.924968978380464,1.5552230525859547,1.3839,5.30274925191,2.03611961333,1.8471051479299998
276,1.110529944489219,0.9405642535955914,2.194966371242491,1.8675,6.3153194266199995,2.24218752252,2.16790199208
277,1.1082598054297368,0.9547739304135132,2.4729533667913604,2.1804,6.34474595202,2.5040536857099998,2.42026167668
278,1.0815352684516197,0.9987804751611271,2.677572556728067,2.4266,6.47610640795,2.57661983611,2.59988325586
279,1.0990798334763086,1.1201458094380057,2.79383387390116,2.6018,6.59422236703,2.5668208956900003,2.59729727722
280,1.2360732448597875,1.461979629758663,2.6097820078800025,2.5992,6.58850506011,2.3447368867400002,2.4814852995099996
281,1.6983906676318639,2.0669006085982464,2.3814495356314302,2.4863,6.49551986173,2.37964105658,2.47508164633
282,2.4698079491208094,2.4829395673791974,2.496112224683074,2.48,6.50093237186,2.5203328639900002,2.72078691686
283,2.806283426858704,2.440362404561187,2.9403702978645065,2.7197,6.771595855119999,2.63823108694,2.71844689888
284,2.492097106614495,2.2402015773170794,2.7294649596249276,2.7174,6.420394215569999,2.4977991391099996,2.62969739128
285,2.1284194737380338,2.030186559183412,2.5599168058646566,2.6308,5.68241492171,2.0547517177900003,2.26373980377
286,1.8385317223543298,1.646704106041669,1.8996638453996648,2.2739,4.57817594509,1.57755748322,1.7317098114099998
287,1.3424175487649563,1.2760471211999576,1.2546475796653624,1.755,3.3236167342000003,1.15992948687,1.22177103782
288,0.9783385177343177,0.9033925445264046,0.7767475326801079,1.2576,2.99307422303,0.81047628109,0.782310708795
289,0.6159096978117149,0.7627998393001989,0.3977161247894102,0.82899,2.59718587587,0.6821505123899999,0.645604776206
290,0.6597094533864364,0.7308196448034491,0.5452196293130842,0.69565,2.29833398689,0.630250007453,0.5847202137399999
291,0.7086428166275637,0.7247534036525649,0.5549333803011982,0.63627,2.05590138978,0.625416541488,0.577078472671
292,0.7887853543414438,0.726402651220514,0.5966527235415134,0.6288199999999999,1.9372666453799998,0.638739497281,0.571016767959
293,0.8105419283828108,0.7685897235793778,0.5897060021043672,0.6229100000000001,2.25452362918,0.70578057823,0.6480908673179999
294,0.9010180125405927,0.9958205857212228,0.7450639721211233,0.69808,2.88225033051,0.95105309765,0.835572354182
295,1.3313704337742682,1.356234590681575,1.0237405964245314,0.88094,3.2612354965599994,1.28438661638,1.14046905566
296,1.7441233547901216,1.2099125061193976,1.411250823691056,1.1783,3.8433434440199994,1.15828188174,1.09444557833
297,1.3555646860631665,0.9398024434156744,1.0540472787648014,1.1334,4.463675401190001,1.12803909881,0.951576741937
298,1.001688813527498,0.9031001332844283,0.8267987941368762,0.99408,4.7505031963699995,1.35128338296,0.94649174691
299,1.058342276904792,0.9245281073337214,0.9691357012796953,0.98913,5.63597977393,1.8471051479299998,0.965411362101
300,1.108357520850533,0.9353766182252958,1.0091281530852365,1.0076,5.95638158669,2.16790199208,0.949853547191
301,1.1088763727981994,0.9475890212001103,0.9572933870195967,0.9924,6.45038106454,2.42026167668,0.9218278095469999
302,1.0816580870397994,0.9912427417799138,0.9182079822031837,0.9650700000000001,6.47448132784,2.59988325586,0.931080600826
303,1.0993419586788322,1.1135335942593598,0.9655577320267353,0.97409,6.48343991222,2.59729727722,1.04176008771
304,1.236077365653006,1.4569383729308782,1.1677648351365566,1.082,6.478317007969999,2.4814852995099996,1.38756279146
305,1.6983946148488662,2.0638727284318197,1.6708272237017503,1.4193,6.488838154090001,2.47508164633,1.96564658107
306,2.469784590383749,2.483040359843296,2.347105500594161,1.9832,6.23018685954,2.72078691686,2.30384526037
307,2.8062783842004677,2.441875824013099,2.6296932679099334,2.313,5.89192585368,2.71844689888,2.1965590177700003
308,2.4920943917093794,2.241233297896451,2.085970474551212,2.2084,5.47633290419,2.62969739128,2.08291413214
309,2.128420802772877,2.0300391427081017,1.9961657867062887,2.0975,4.62531794989,2.26373980377,1.8803333390299999
310,1.8385323190534342,1.6463303616926848,1.696884900900987,1.8999,3.58653652944,1.7317098114099998,1.49886693864
311,1.3424179998417494,1.2744224540798619,1.137129956147237,1.5279,2.7208544783899997,1.22177103782,1.13910850083
312,0.9783385212179776,0.9031865621975295,0.8218610344709574,1.177,2.21812517347,0.782310708795,0.7739405867649999
313,0.6180430200558685,0.7651668793155668,0.44762539269910556,0.82083,1.8642603950299999,0.645604776206,0.6281378394179999
314,0.6194724347494612,0.709623247401836,0.5208380810997402,0.67862,1.6981082975100001,0.5847202137399999,0.559890457454
315,0.6444329663948292,0.6823938823650288,0.5232617138066455,0.61205,1.57533847774,0.577078472671,0.5460494020269999
316,0.6999310138797684,0.660644148111595,0.55982372103697,0.59855,1.56824513131,0.571016767959,0.544887060357
317,0.7186348421023836,0.6902907888291491,0.5687968763197184,0.59742,1.77486933844,0.6480908673179999,0.60825582835
318,0.8241704069580622,0.9262750418058951,0.6931197698141089,0.65923,2.22282321155,0.835572354182,0.807899448408
319,1.223002412869933,1.261163368485836,1.0038095663102173,0.85395,2.47426798942,1.14046905566,1.14046905566
320,1.7395710839843364,1.1628860749567298,1.4265799165343012,1.1783,2.88289890144,1.09444557833,1.09444557833
321,1.4093975734151667,0.948134901701104,1.0539654084166634,1.1334,3.5868736431599997,0.951576741937,0.951576741937
322,1.0904519705827405,0.9521015374281137,0.826806072949675,0.99408,4.1052145509699995,0.94649174691,0.94649174691
323,1.1289910763664153,0.9819168732117833,0.9691360923800845,0.98913,4.60043157486,0.965411362101,0.965411362101
324,1.1719552164951492,0.9916373711615836,1.0091281530852365,1.0076,4.96806636751,0.949853547191,0.949853547191
325,1.1569046388814321,0.9973935732271854,0.9572933652917972,0.9924,5.36236738422,0.9218278095469999,0.9218278095469999
326,1.1249834534566,1.035582383501062,0.9182079822031837,0.9650700000000001,5.562051776980001,0.931080600826,0.931080600826
327,1.137112128041665,1.153405567618576,0.9655577320267353,0.97409,5.87174075089,1.04176008771,1.04176008771
328,1.2743199224075703,1.4953974940736725,1.1677648351365566,1.082,6.16202763561,1.38756279146,1.38756279146
329,1.7364529134711042,2.102683207604744,1.6708272237017503,1.4193,5.54028149673,1.96564658107,1.96564658107
330,2.5082833950851726,2.5239849288951035,2.347105500594161,1.9832,5.1329749722199995,2.30384526037,2.30384526037
331,2.8433402364226548,2.4833235945134158,2.6296932679099334,2.313,4.8086449055800005,2.1965590177700003,2.1965590177700003
332,2.529830201428232,2.2822904689517607,2.085970474551212,2.2084,4.48340025181,2.08291413214,2.08291413214
333,2.1672815455319716,2.070641586217627,1.9961657867062887,2.0975,3.5068421460000003,1.8803333390299999,1.8803333390299999
334,1.878549580984153,1.687408717380307,1.696884900900987,1.8999,2.62412765352,1.49886693864,1.49886693864
335,1.3681900804739748,1.3073372092136164,1.137129956147237,1.5279,1.98872659515,1.13910850083,1.13910850083
336,0.9850407206857383,0.9236815557063329,0.8218610344709574,1.177,1.5319073015200002,0.7739405867649999,0.7739405867649999
337,0.6035562595750047,0.7652042229945301,0.44762539269910556,0.82083,1.30474953703,0.6281378394179999,0.6281378394179999
338,0.6161065277470613,0.7085755006106823,0.5208380810997402,0.67862,1.16584746441,0.559890457454,0.559890457454
339,0.6423032279066434,0.6839989213903953,0.5232617138066455,0.61205,1.0695469449700001,0.5460494020269999,0.5460494020269999
340,0.700648916732999,0.6640313742431952,0.55982372103697,0.59855,1.04118738786,0.544887060357,0.544887060357
341,0.7433780393363443,0.70875887226363,0.5687968763197184,0.59742,1.17144195087,0.60825582835,0.60825582835
342,0.8993962707089018,0.978680562412169,0.6931197698141089,0.65923,1.6516007699000002,0.807899448408,0.807899448408
343,1.316698816635296,1.3469003529564678,1.0038095663102173,0.85395,1.7947614520800002,1.14046905566,1.14046905566
344,1.7413105834701932,1.2068761021014252,1.4265799165343012,1.1783,2.2333472692200003,1.09444557833,1.09444557833
345,1.3889885705113243,0.9564005448379969,1.0539654084166634,1.1334,2.81409818861,0.951576741937,0.951576741937
346,1.0802020239818892,0.9515140500428322,0.826806072949675,0.99408,3.2307939777200003,0.94649174691,0.94649174691
347,1.1255578694241226,0.9804182085687909,0.9691360923800845,0.98913,3.7024743629500003,0.965411362101,0.965411362101
348,1.1725710147891788,0.9863485286374584,1.0091281530852365,1.0076,4.1598590045099995,0.949853547191,0.949853547191
349,1.1577975493691361,0.9907496190319653,0.9572933652917972,0.9924,4.54110575242,0.9218278095469999,0.9218278095469999
350,1.1255237562282856,1.0282266215606783,0.9182079822031837,0.9650700000000001,4.839177037840001,0.931080600826,0.931080600826
351,1.137217079259536,1.1470006822915395,0.9655577320267353,0.97409,5.19668053637,1.04176008771,1.04176008771
352,1.274288621036317,1.4901538153259675,1.1677648351365566,1.082,5.49192610863,1.38756279146,1.38756279146
353,1.7364018752457433,2.0991457257844104,1.6708272237017503,1.4193,5.06294911645,1.96564658107,1.96564658107
354,2.508261229241108,2.5229824190513095,2.347105500594161,1.9832,4.67184436709,2.30384526037,2.30384526037
355,2.843335694863575,2.4843482320204515,2.6296932679099334,2.313,4.468583033380001,2.1965590177700003,2.1965590177700003
356,2.5298327779661713,2.283495226667344,2.085970474551212,2.2084,4.215194610309999,2.08291413214,2.08291413214
357,2.16728389616468,2.0709179018586346,1.9961657867062887,2.0975,3.40529004109,1.8803333390299999,1.8803333390299999
358,1.8785506375444982,1.685715219566885,1.696884900900987,1.8999,2.72186916223,1.49886693864,1.49886693864
359,1.3681901914000205,1.3046404382341326,1.137129956147237,1.5279,1.9587529170299998,1.13910850083,1.13910850083
360,0.9850405834830145,0.922390705484354,0.8218610344709574,1.177,1.5192930107299998,0.7739405867649999,0.78160988366
361,0.601961955487453,0.764198573402397,0.4629686767445675,0.82831,1.3035935304700002,0.6281378394179999,0.632742700817
362,0.6601819541973204,0.7302711296560059,0.522632495101995,0.68311,1.13088330052,0.559890457454,0.562936902275
363,0.7067453484165495,0.7307177726664914,0.5248973726126267,0.61502,1.03307588869,0.5460494020269999,0.54764237355
364,0.7682362583468895,0.7262101706499788,0.5600536207924328,0.60011,1.00091656309,0.544887060357,0.548003408553
365,0.8031899172853807,0.7772126956931062,0.5734986585823117,0.60046,1.22878265713,0.60825582835,0.613035303017
366,0.9323810031082391,1.0312712295014748,0.6994097610953722,0.66389,1.71437656984,0.807899448408,0.820295879262
367,1.3361358824250367,1.3821622805656792,1.0215168797158736,0.8660399999999999,1.9679145188799998,1.14046905566,1.16515731109
368,1.7528379558496012,1.24003142385736,1.4579830614575637,1.2024,2.43413002278,1.09444557833,1.13228909582
369,1.3518222028403248,0.9581992726494758,1.1076138575567611,1.1703,3.07295715632,0.951576741937,1.00411297656
370,1.0000708826622184,0.9070622937980919,0.8939985556519117,1.0453,3.6808673128400002,0.94649174691,1.0058940141600001
371,1.0571387571632065,0.9221145149360492,1.0347518584244007,1.0471,4.15082787825,0.965411362101,1.0266482479799999
372,1.10836509017534,0.9211210162498674,1.0719014985709827,1.0673,4.39747199262,0.949853547191,1.00563247076
373,1.10896194038578,0.9278839042211076,1.0072506943842523,1.0468,4.95845076623,0.9218278095469999,0.972680513969
374,1.0817884560066855,0.9692828001817988,0.9642808314908549,1.0147,5.3499035044,0.931080600826,0.976727101541
375,1.0993732179258968,1.0938610169815801,1.0063104370273548,1.0186,5.693522970219999,1.04176008771,1.0849955559
376,1.2360831481109285,1.4409387970747483,1.2088962701438928,1.1242,6.3531283391699995,1.38756279146,1.42946703043
377,1.698385413355773,2.0531082211844636,1.7118469239581908,1.4602,5.76674473527,1.96564658107,2.00689049951
378,2.46978007827762,2.4801373997702285,2.3880335837420876,2.0234,5.23926027388,2.30384526037,2.3438739616900004
379,2.8062763936368373,2.444737701554627,2.668954239165947,2.3521,5.16493132047,2.1965590177700003,2.23651123085
380,2.4920945829530536,2.2446114962869155,2.1257734176493366,2.2473,4.72989165485,2.08291413214,2.12357873071
381,2.1284211526131256,2.0307671798583637,2.0375837532648724,2.1372,3.78063935763,1.8803333390299999,1.9218746726099998
382,1.8385325880797954,1.642967352822908,1.7393052760612981,1.9405,3.03495768972,1.49886693864,1.53187568579
383,1.3424180575928364,1.267822970323413,1.1614155133054656,1.5601,2.3140921120400004,1.13910850083,1.157232487
384,0.9783385156041453,0.9000718454515737,0.8262076511835367,1.1947,1.88708022719,0.78160988366,0.78160988366
385,0.6056872215031439,0.7594552580447935,0.44645352851549375,0.82831,1.5890657590200001,0.632742700817,0.632742700817
386,0.6185792009967439,0.7031160622731828,0.5225245296667782,0.68311,1.38554557424,0.562936902275,0.562936902275
387,0.6653313723663536,0.6934697551258113,0.5248883338480764,0.61502,1.18574461969,0.54764237355,0.54764237355
388,0.773220007060856,0.7150662578210047,0.5600548375491992,0.60011,1.19802797969,0.548003408553,0.548003408553
389,0.783370137986721,0.7662000379103009,0.5734987889491081,0.60046,1.3917896310799998,0.613035303017,0.613035303017
390,0.8885343630762823,1.0034607737140264,0.699409804550971,0.66389,1.9793238065799998,0.820295879262,0.820295879262
391,1.2583641856796899,1.3275949767763655,1.0215168797158736,0.8660399999999999,2.41672179506,1.16515731109,1.16515731109
392,1.718721610408517,1.198146310619308,1.4579830614575637,1.2024,3.03800661847,1.13228909582,1.13228909582
393,1.3378366374865145,0.9356802729505017,1.1076138575567611,1.1703,3.9617715077599995,1.00411297656,1.00411297656
394,1.0218739756242252,0.9092305336411038,0.8939985556519117,1.0453,4.30621454552,1.0058940141600001,1.0058940141600001
395,1.0617192611003192,0.923092306594742,1.0347518584244007,1.0471,4.77403523901,1.0266482479799999,1.0266482479799999
396,1.111832146928096,0.9187766603437948,1.0719014985709827,1.0673,5.275510295169999,1.00563247076,1.00563247076
397,1.1079092310113985,0.9223237426357423,1.0072506943842523,1.0468,5.969220079099999,0.972680513969,0.972680513969
398,1.0813341745715097,0.9624133399187371,0.9642808314908549,1.0147,6.395109162590001,0.976727101541,0.976727101541
399,1.0988971446357463,1.086847021370605,1.0063104370273548,1.0186,6.55692290506,1.0849955559,1.0849955559
400,1.2360566026129391,1.4350061075830416,1.2088962701438928,1.1242,6.7642925187300005,1.42946703043,1.42946703043
401,1.698395797078125,2.048795097133713,1.7118469239581908,1.4602,6.53358231252,2.00689049951,2.00689049951
402,2.469825111575593,2.478299961125516,2.3880335837420876,2.0234,6.1479432675400005,2.3438739616900004,2.3438739616900004
403,2.806288844701775,2.444811800631083,2.668954239165947,2.3521,5.766867210269999,2.23651123085,2.23651123085
404,2.492098711225159,2.2454104891265207,2.1257734176493366,2.2473,5.2336469463999995,2.12357873071,2.12357873071
405,2.128418510698328,2.0311876429443885,2.0375837532648724,2.1372,4.43222223274,1.9218746726099998,1.9218746726099998
406,1.8385311056168852,1.6433649642826154,1.7393052760612981,1.9405,3.51266177765,1.53187568579,1.53187568579
407,1.3424172171840476,1.267028632698024,1.1614155133054656,1.5601,2.63747456815,1.157232487,1.157232487
408,0.9783385040080914,0.898220878493329,0.8262076511835367,1.1947,2.1708113780700002,0.78160988366,0.7739405867649999
409,0.6056873105732007,0.757059599280299,0.4312122130326144,0.82083,1.9199840754900002,0.632742700817,0.6281378394179999
410,0.6165242080893383,0.7031648404681486,0.5206153711558938,0.67862,1.6849506223700002,0.562936902275,0.559890457454
411,0.6974128402051837,0.7147121421559174,0.5232480687486226,0.61205,1.64003862294,0.54764237355,0.5460494020269999
412,0.7964239448732037,0.7340849978830963,0.5598255027165208,0.59855,1.57080474725,0.548003408553,0.544887060357
413,0.8158070870145013,0.7942069961562686,0.5687970501421136,0.59742,1.7810667373,0.613035303017,0.60825582835
414,0.9303061234936107,1.042399311267854,0.6931198132697077,0.65923,2.54984018474,0.820295879262,0.807899448408
415,1.3387464075107987,1.3964420278257057,1.0038095663102173,0.85395,2.93702365736,1.16515731109,1.14046905566
416,1.7614377459596668,1.2564013685729498,1.4265799165343012,1.1783,3.86167232926,1.13228909582,1.09444557833
417,1.3626972241963635,0.9808547790535198,1.0539654084166634,1.1334,4.97596938449,1.00411297656,0.951576741937
418,0.99455877994324,0.9181892365778009,0.826806072949675,0.99408,5.59135929748,1.0058940141600001,0.94649174691
419,1.0566709932692597,0.9253302421394356,0.9691360923800845,0.98913,6.0492514774599995,1.0266482479799999,0.965411362101
420,1.106949209705552,0.917155824140475,1.0091281530852365,1.0076,6.273817268509999,1.00563247076,0.949853547191
421,1.1091536998347806,0.9173855797949109,0.9572933652917972,0.9924,6.5202274933,0.972680513969,0.9218278095469999
422,1.0817936045694592,0.9558488213539225,0.9182079822031837,0.9650700000000001,6.6588850512,0.976727101541,0.931080600826
423,1.0995167773249404,1.0799039958195498,0.9655577320267353,0.97409,6.77597475804,1.0849955559,1.04176008771
424,1.2360955522548973,1.4289138913451216,1.1677648351365566,1.082,6.87109223456,1.42946703043,1.38756279146
425,1.6983954788103972,2.044201063790251,1.6708272237017503,1.4193,6.767146831240001,2.00689049951,1.96564658107
426,2.4697694979453595,2.4760272706862634,2.347105500594161,1.9832,6.6331180846099995,2.3438739616900004,2.30384526037
427,2.806273586882219,2.4445153539945323,2.6296932679099334,2.313,6.188853850580001,2.23651123085,2.1965590177700003
428,2.4920924732178005,2.246036517838312,2.085970474551212,2.2084,6.04114980075,2.12357873071,2.08291413214
429,2.1284215418766705,2.0316405637607975,1.9961657867062887,2.0975,4.9685476072800006,1.9218746726099998,1.8803333390299999
430,1.8385328138491048,1.6437713087986443,1.696884900900987,1.8999,3.8196421094099997,1.53187568579,1.49886693864
431,1.3424183227822966,1.266423876463385,1.137129956147237,1.5279,3.0136752251999996,1.157232487,1.13910850083
432,0.9783385472378532,0.8965666816493377,0.8218610344709574,1.177,2.6391598530500002,0.7739405867649999,0.7739405867649999
433,0.605687221777579,0.7545796021394103,0.44762539269910556,0.82083,2.17801296317,0.6281378394179999,0.6281378394179999
434,0.6312173255237199,0.714841392848611,0.5208380810997402,0.67862,2.1871010285900003,0.559890457454,0.559890457454
435,0.6620532623995043,0.7026818221768162,0.5232617138066455,0.61205,2.23483930526,0.5460494020269999,0.5460494020269999
436,0.7161931895637238,0.6830747707129468,0.55982372103697,0.59855,2.27075731121,0.544887060357,0.544887060357
437,0.750425956381925,0.7384252801625335,0.5687968763197184,0.59742,2.10791997783,0.60825582835,0.60825582835
438,0.8504595153046313,0.9797356691712773,0.6931197698141089,0.65923,2.8322472328900004,0.807899448408,0.807899448408
439,1.2395937734330351,1.3119855578298485,1.0038095663102173,0.85395,3.17046725421,1.14046905566,1.14046905566
440,1.762076625355467,1.2167611321561447,1.4265799165343012,1.1783,3.55053723546,1.09444557833,1.09444557833
441,1.395176653257857,0.9809592174870924,1.0539654084166634,1.1334,4.48200165251,0.951576741937,0.951576741937
442,1.0591425925492224,0.9547163634940046,0.826806072949675,0.99408,5.01382445866,0.94649174691,0.94649174691
443,1.0565604272575622,0.9413048210375253,0.9691360923800845,0.98913,5.741030685299999,0.965411362101,0.965411362101
444,1.1015978061685803,0.9183132113742198,1.0091281530852365,1.0076,6.28396721156,0.949853547191,0.949853547191
445,1.1029359325541774,0.9134098722290123,0.9572933652917972,0.9924,6.67645799789,0.9218278095469999,0.9218278095469999
446,1.0802090218625373,0.9496930624205158,0.9182079822031837,0.9650700000000001,6.70018462038,0.931080600826,0.931080600826
447,1.0993397299202319,1.0730852755239126,0.9655577320267353,0.97409,6.8163353434300005,1.04176008771,1.04176008771
448,1.2365498298024302,1.422706963940194,1.1677648351365566,1.082,7.022506171830001,1.38756279146,1.38756279146
449,1.698628097297718,2.0393523629634,1.6708272237017503,1.4193,7.0254803283100005,1.96564658107,1.96564658107
450,2.46985973193478,2.4733478417647587,2.347105500594161,1.9832,6.69968672096,2.30384526037,2.30384526037
451,2.8062630124310344,2.4438426469972,2.6296932679099334,2.313,6.97216852101,2.1965590177700003,2.1965590177700003
452,2.492073601702719,2.246457483017084,2.085970474551212,2.2084,6.733121173150001,2.08291413214,2.08291413214
453,2.1284086119627172,2.032088438950211,1.9961657867062887,2.0975,5.46103761049,1.8803333390299999,1.8803333390299999
454,1.8385300530019926,1.644184210789418,1.696884900900987,1.8999,4.19888074016,1.49886693864,1.49886693864
455,1.3827931724457394,1.2870834661632853,1.137129956147237,1.5279,3.4735653405300004,1.13910850083,1.13910850083
456,1.0270055802095261,0.9315088536533295,0.8218610344709574,1.177,2.8089274027999998,0.7739405867649999,0.7739405867649999
457,0.7107781100666017,0.8255503639129762,0.44762539269910556,0.82083,2.53144614003,0.6281378394179999,0.6281378394179999
458,0.6980291286579884,0.7836310853325634,0.5208380810997402,0.67862,2.05536332381,0.559890457454,0.559890457454
459,0.7415172065671835,0.7769577587774603,0.5232617138066455,0.61205,1.9919265867400002,0.5460494020269999,0.5460494020269999
460,0.8025893525975709,0.7720017678625543,0.55982372103697,0.59855,1.90412268216,0.544887060357,0.544887060357
461,0.864729062408723,0.8428150304893262,0.5687968763197184,0.59742,2.17208243445,0.60825582835,0.60825582835
462,0.947135925593187,1.0861964129476007,0.6931197698141089,0.65923,2.88533696434,0.807899448408,0.807899448408
463,1.3323663325669537,1.4255394778356516,1.0038095663102173,0.85395,3.49222793851,1.14046905566,1.14046905566
464,1.787495866457005,1.2855357321250143,1.4265799165343012,1.1783,3.5902100390699996,1.09444557833,1.09444557833
465,1.4120184285789366,1.0241964774241321,1.0539654084166634,1.1334,4.4376294021,0.951576741937,0.951576741937
466,1.0243286828652287,0.9579767335982354,0.826806072949675,0.99408,4.40431168401,0.94649174691,0.94649174691
467,1.0424699859618178,0.9399454248271116,0.9691360923800845,0.98913,4.76415499399,0.965411362101,0.965411362101
468,1.1009358470099557,0.9190732117483605,1.0091281530852365,1.0076,5.18305532638,0.949853547191,0.949853547191
469,1.1046571157853373,0.9101819080220674,0.9572933652917972,0.9924,5.990205731869999,0.9218278095469999,0.9218278095469999
470,1.0818439684703458,0.943999586864971,0.9182079822031837,0.9650700000000001,6.4749360061,0.931080600826,0.931080600826
471,1.0998381483482775,1.0664442254503956,0.9655577320267353,0.97409,6.59272751334,1.04176008771,1.04176008771
472,1.236584209285386,1.4164314908507523,1.1677648351365566,1.082,6.69145321551,1.38756279146,1.38756279146
473,1.698510634101305,2.0342783823056134,1.6708272237017503,1.4193,6.6984882472,1.96564658107,1.96564658107
474,2.46979069214123,2.470290325726999,2.347105500594161,1.9832,6.35635779387,2.30384526037,2.30384526037
475,2.8062388855342424,2.44279339120401,2.6296932679099334,2.313,6.172843051519999,2.1965590177700003,2.1965590177700003
476,2.4920756772780237,2.246646308042388,2.085970474551212,2.2084,5.90879359822,2.08291413214,2.08291413214
477,2.1284141380398425,2.0324954114821336,1.9961657867062887,2.0975,4.8333158775800005,1.8803333390299999,1.8803333390299999
478,1.8385335688300308,1.6485531133730045,1.696884900900987,1.8999,4.1596593769800005,1.49886693864,1.49886693864
479,1.3493273834273434,1.2688184684453463,1.137129956147237,1.5279,2.9312878282,1.13910850083,1.13910850083
480,1.0114671954339958,0.9167186945463848,0.8218610344709574,1.177,2.7399954357599996,0.7739405867649999,0.7739405867649999
481,0.6839819890052005,0.7971234778666725,0.44762539269910556,0.82083,2.1855285097099997,0.6281378394179999,0.6281378394179999
482,0.6804521129271333,0.7608111177127386,0.5208380810997402,0.67862,2.01278726005,0.559890457454,0.559890457454
483,0.720649923902139,0.7559556956902411,0.5232617138066455,0.61205,1.71674228157,0.5460494020269999,0.5460494020269999
484,0.7894890598844423,0.7595034449855048,0.55982372103697,0.59855,1.7511273538599998,0.544887060357,0.544887060357
485,0.8340435349062792,0.8170503883887228,0.5687968763197184,0.59742,1.96961306908,0.60825582835,0.60825582835
486,0.9332161912501351,1.0688054958623565,0.6931197698141089,0.65923,2.48307528556,0.807899448408,0.807899448408
487,1.3066298022600442,1.4094272280351314,1.0038095663102173,0.85395,2.81116716051,1.14046905566,1.14046905566
488,1.8450080037083825,1.3109202856266116,1.4265799165343012,1.1783,3.3849166203400003,1.09444557833,1.09444557833
489,1.473802976960446,1.067284562436103,1.0539654084166634,1.1334,4.0642885583099995,0.951576741937,0.951576741937
490,1.1523142098915007,1.0467939453826356,0.826806072949675,0.99408,4.37919656853,0.94649174691,0.94649174691
491,1.1465694393929844,1.0432659379327205,0.9691360923800845,0.98913,4.7372025358,0.965411362101,0.965411362101
492,1.1459494080106616,0.9908746679937859,1.0091281530852365,1.0076,5.168737381590001,0.949853547191,0.949853547191
493,1.1471801157593686,0.9657724195244444,0.9572933652917972,0.9924,5.45547518539,0.9218278095469999,0.9218278095469999
494,1.1202375001330702,0.9908058603564668,0.9182079822031837,0.9650700000000001,6.09794524162,0.931080600826,0.931080600826
495,1.1380041433865449,1.106681384967144,0.9655577320267353,0.97409,6.18849049515,1.04176008771,1.04176008771
496,1.2751488381286191,1.453908932955972,1.1677648351365566,1.082,6.542731602459999,1.38756279146,1.38756279146
497,1.7371174127679445,2.0712108275325125,1.6708272237017503,1.4193,6.65852715965,1.96564658107,1.96564658107
498,2.5083850105116046,2.508278734891027,2.347105500594161,1.9832,6.30405673596,2.30384526037,2.30384526037
499,2.8433210800894684,2.4816163573051178,2.6296932679099334,2.313,5.90056834544,2.1965590177700003,2.1965590177700003
500,2.529769948182252,2.2865792295154503,2.085970474551212,2.2084,5.44374872408,2.08291413214,2.08291413214
501,2.167258439095807,2.073387195800552,1.9961657867062887,2.0975,4.31588830066,1.8803333390299999,1.8803333390299999
502,1.8785432013544414,1.69039102725367,1.696884900900987,1.8999,3.50851868014,1.49886693864,1.49886693864
503,1.368193079259416,1.3022929348145553,1.137129956147237,1.5279,2.73681298419,1.13910850083,1.13910850083
504,0.9850431452357087,0.9198669598595698,0.8218610344709574,1.177,2.26513393383,0.7739405867649999,0.7739405867649999
505,0.6230724959817305,0.7616473191658667,0.44762539269910556,0.82083,1.9362275599400003,0.6281378394179999,0.6281378394179999
506,0.6558687398797939,0.7311664894018114,0.5208380810997402,0.67862,1.7906109327700002,0.559890457454,0.559890457454
507,0.6911696815813043,0.7289272922618578,0.5232617138066455,0.61205,1.66886269574,0.5460494020269999,0.5460494020269999
508,0.760271228933679,0.7316071976817182,0.55982372103697,0.59855,1.59782947379,0.544887060357,0.544887060357
509,0.7856259033603905,0.7780712134072485,0.5687968763197184,0.59742,1.7992112622299998,0.60825582835,0.6175130211550001
510,0.9075238876473919,1.0359095031754972,0.7106582091710918,0.6682600000000001,2.4038848801099997,0.807899448408,0.815918581778
511,1.2930823005635976,1.4000411379462416,1.0115606655468234,0.86177,2.7002001879699997,1.14046905566,1.14046905566
512,1.7806733099944303,1.270254664332869,1.422534330652884,1.1783,2.7866224807099997,1.09444557833,1.09444557833
513,1.4166888296382807,1.0181149126671714,1.053968645858774,1.1334,3.3952649258,0.951576741937,0.951576741937
514,1.1173135945541381,1.0011740292412468,0.8268028572353638,0.99408,3.7376090625,0.94649174691,0.94649174691
515,1.1161305836649127,1.0027137932619614,0.969135962013288,0.98913,4.34205475113,0.965411362101,0.965411362101
516,1.1665617923323517,0.9853318609334978,1.0091281530852365,1.0076,5.00133455896,0.949853547191,0.949853547191
517,1.1532185980938112,0.9639607525921894,0.9572933652917972,0.9924,5.560612818380001,0.9218278095469999,0.9218278095469999
518,1.1251125810250715,0.9862902547378967,0.9182079822031837,0.9650700000000001,6.21515014211,0.931080600826,0.931080600826
519,1.1374371251506723,1.1010324705604206,0.9655577320267353,0.97409,6.12434179971,1.04176008771,1.04176008771
520,1.2747382163795131,1.4479579409535166,1.1677648351365566,1.082,6.230111884639999,1.38756279146,1.38756279146
521,1.7365462418093145,2.065980162401618,1.6708272237017503,1.4193,5.650859068940001,1.96564658107,1.96564658107
522,2.508295794938131,2.504519482513752,2.347105500594161,1.9832,5.2060009339899995,2.30384526037,2.30384526037
523,2.843309042044342,2.479995358075955,2.6296932679099334,2.313,4.93507722173,2.1965590177700003,2.1965590177700003
524,2.529815683195896,2.286419518624477,2.085970474551212,2.2084,4.656788950909999,2.08291413214,2.08291413214
525,2.1672756306389953,2.0736917244480138,1.9961657867062887,2.0975,3.88878488821,1.8803333390299999,1.8803333390299999
526,1.8785504464880443,1.6886646103954084,1.696884900900987,1.8999,2.8843360157499998,1.49886693864,1.49886693864
527,1.368191285512105,1.3008583215025846,1.137129956147237,1.5279,2.1698501259,1.13910850083,1.13910850083
528,0.9850415711168697,0.9204938243884143,0.8218610344709574,1.177,1.7557468753799998,0.7739405867649999,0.78160988366
529,0.5947380016048255,0.7496035475411637,0.4629686767445675,0.82831,1.41936497198,0.6281378394179999,0.632742700817
530,0.6640332840141135,0.7249518264032881,0.522632495101995,0.68311,1.35545285497,0.559890457454,0.562936902275
531,0.682627481300463,0.7232707429231892,0.5248973726126267,0.61502,1.17272107674,0.5460494020269999,0.54764237355
532,0.7738442175953675,0.7355384401001084,0.5600536207924328,0.60011,1.1326580995,0.544887060357,0.548003408553
533,0.7586744003768822,0.7710912325882265,0.5734986585823117,0.60046,1.3696461807700002,0.6175130211550001,0.622638146144
534,0.8996282710859957,1.0274330989250864,0.7175826566839751,0.67325,1.8920687795299997,0.815918581778,0.8364339195980001
535,1.2624881949132236,1.3860239037061646,1.0427139339528892,0.8817799999999999,2.0589388529,1.14046905566,1.16515731109
536,1.7396159970132608,1.2463426503907578,1.45069964236521,1.2024,2.3773451695200003,1.09444557833,1.13228909582
537,1.3556128002743428,0.9795230029919484,1.1076067960219562,1.1703,2.9508907593700004,0.951576741937,1.00411297656
538,1.0127612869294054,0.9217643957113577,0.8939876265688136,1.0453,3.39578670882,0.94649174691,1.0058940141600001
539,1.0603591432785155,0.936184569683971,1.0347511631348199,1.0471,3.65278890679,0.965411362101,1.0266482479799999
540,1.1093877263204805,0.9224864626172566,1.0719015420265816,1.0673,4.22482022895,0.949853547191,1.00563247076
541,1.108172088191203,0.9055404555929893,1.0072506943842523,1.0468,4.74241886417,0.9218278095469999,0.972680513969
542,1.0813802802731298,0.9304400520213323,0.9642808314908549,1.0147,5.3397401329,0.931080600826,0.976727101541
543,1.099148982350651,1.0490178784458275,1.0063104370273548,1.0186,5.71549069814,1.04176008771,1.0849955559
544,1.2360872649689065,1.3983249336238814,1.2088962701438928,1.1242,5.79034287148,1.38756279146,1.42946703043
545,1.6984118606354017,2.0184508209488174,1.7118469239581908,1.4602,5.319618457840001,1.96564658107,2.00689049951
546,2.4698067116457114,2.4591174426487625,2.3880335837420876,2.0234,4.97001250046,2.30384526037,2.3438739616900004
547,2.806283037114142,2.437753182897977,2.668954239165947,2.3521,4.73979636366,2.1965590177700003,2.23651123085
548,2.492094982989868,2.2459712391997675,2.1257734176493366,2.2473,4.58213639492,2.08291413214,2.12357873071
549,2.128419123944911,2.0333177267093436,2.0375837532648724,2.1372,3.6917848385000003,1.8803333390299999,1.9218746726099998
550,1.8385315679368275,1.6458537682865562,1.7393052760612981,1.9405,2.94445353348,1.49886693864,1.53187568579
551,1.3424176949079198,1.2650937797279485,1.1614155133054656,1.5601,2.2341878845900003,1.13910850083,1.157232487
552,1.034365318226103,0.9266206686505508,0.8262076511835367,1.1947,1.8973271767700002,0.78160988366,0.78160988366
553,0.6760481000858414,0.8033352299949619,0.44645352851549375,0.82831,1.4917334577099999,0.632742700817,0.632742700817
554,0.7322232559270145,0.7779424785930259,0.5225245296667782,0.68311,1.39537320628,0.562936902275,0.5657715393289999
555,0.7607496658332866,0.7916465646928473,0.5305765697084293,0.61779,1.16263956006,0.54764237355,0.565382259821
556,0.8226649192769664,0.7922936934472777,0.5922424502085973,0.61741,1.1801476448600001,0.548003408553,0.593860122889
557,0.852956348317428,0.8571244354115503,0.6464150439238321,0.6451899999999999,1.38469360771,0.622638146144,0.657278825613
558,0.9475805084819753,1.0957115368947912,0.7420394296631643,0.70704,1.8798686128599997,0.8364339195980001,0.8691556669930001
559,1.3877585309630773,1.4880335296336846,1.0732612066395717,0.9137,2.1616038406900002,1.16515731109,1.16515731109
560,1.8162604710402388,1.3448755017233252,1.4327257114122438,1.2024,2.4687097535699998,1.13228909582,1.13228909582
561,1.4236069014855643,1.0639718034437446,1.1077325565248812,1.1703,3.0686641296900006,1.00411297656,1.00411297656
562,1.0872687006315207,1.009522423376471,0.8939777621478862,1.0453,3.5198760901199995,1.0058940141600001,1.0058940141600001
563,1.1303815443292178,1.0158994411575235,1.0347505547564368,1.0471,4.1842642870399995,1.0266482479799999,1.0266482479799999
564,1.1382618584125366,0.9764318583294045,1.0719016289377792,1.0673,4.64338308501,1.00563247076,1.00563247076
565,1.1360609351166542,0.9457534579066339,1.0072506943842523,1.0468,4.75294453543,0.972680513969,0.972680513969
566,1.1000640782789974,0.9591896291253275,0.9642808314908549,1.0147,5.26660554557,0.976727101541,0.976727101541
567,1.1227291210827557,1.0722578355352226,1.0063104370273548,1.0186,5.80257761481,1.0849955559,1.0849955559
568,1.2392311818376303,1.4087264231240932,1.2088962701438928,1.1242,6.03249727539,1.42946703043,1.42946703043
569,1.717711308088434,2.0308583986901763,1.7118469239581908,1.4602,5.49427151949,2.00689049951,2.00689049951
570,2.4910576341592527,2.475922973268986,2.3880335837420876,2.0234,4.990643270440001,2.3438739616900004,2.3438739616900004
571,2.8425783623324765,2.4642711607912946,2.668954239165947,2.3521,4.83969665368,2.23651123085,2.23651123085
572,2.51317062687656,2.270631584067903,2.1257734176493366,2.2473,4.61296751128,2.12357873071,2.12357873071
573,2.158620592559862,2.0612854769759585,2.0375837532648724,2.1372,3.90602058699,1.9218746726099998,1.9218746726099998
574,1.9128796015883156,1.699731994332777,1.7393052760612981,1.9405,3.2358421364499996,1.53187568579,1.53187568579
575,1.4355055852455112,1.34649483398029,1.1614155133054656,1.5601,2.58307227093,1.157232487,1.157232487
576,1.08591017175707,0.9882173604916153,0.8262076511835367,1.1947,2.2371549532799997,0.78160988366,0.7739405867649999
577,0.7220030852767791,0.8584082105131174,0.4312122130326144,0.82083,1.99777002537,0.632742700817,0.6281378394179999
578,0.7664286856393879,0.8223697179171984,0.5206153711558938,0.67862,1.84074636837,0.5657715393289999,0.559890457454
579,0.7834986184067554,0.8243472606981131,0.5232480687486226,0.61205,1.71733977841,0.565382259821,0.5460494020269999
580,0.8447151921895603,0.8237611928667254,0.5598255027165208,0.59855,1.9350406408099996,0.593860122889,0.544887060357
581,0.8591017003440973,0.8757043983939463,0.5687970501421136,0.59742,1.83650485025,0.657278825613,0.628521319157
582,0.949854359349789,1.1156460614994472,0.7313181694888089,0.67899,2.47241074273,0.8691556669930001,0.829732296234
583,1.3368325282865667,1.4658327634319626,1.0280031829965877,0.87524,2.9411830447500003,1.16515731109,1.14046905566
584,1.8243386622864028,1.3429325203741627,1.415643923996071,1.1783,3.1473107716400004,1.13228909582,1.09444557833
585,1.3899692657404745,1.0537805331622316,1.0540572300969264,1.1334,3.9157162827699996,1.00411297656,0.951576741937
586,1.0233320438528284,0.9714682307384336,0.8267924278916521,0.99408,4.04207411394,1.0058940141600001,0.94649174691
587,1.0531063072273599,0.9524039977560885,0.9691350059901145,0.98913,4.64404719563,1.0266482479799999,0.965411362101
588,1.097161762796003,0.9264976970667751,1.0091281530852365,1.0076,5.37493948652,1.00563247076,0.949853547191
589,1.1053381021172293,0.904069989855077,0.9572933870195967,0.9924,5.988300220529999,0.972680513969,0.9218278095469999
590,1.0807864975724997,0.924850597998972,0.9182079822031837,0.9650700000000001,6.46152718515,0.976727101541,0.931080600826
591,1.1000065430584902,1.0368339637984458,0.9655577320267353,0.97409,6.5886953321099995,1.0849955559,1.04176008771
592,1.236497357549088,1.3887279959821488,1.1677648351365566,1.082,6.72037466543,1.42946703043,1.38756279146
593,1.6986003098319609,2.0078705986368037,1.6708272237017503,1.4193,6.59020412492,2.00689049951,1.96564658107
594,2.4697889227437506,2.451550612583378,2.347105500594161,1.9832,6.344830299530001,2.3438739616900004,2.30384526037
595,2.8062515734550155,2.430437413616887,2.6296932679099334,2.313,5.9975858329600005,2.23651123085,2.1965590177700003
596,2.4920698772811836,2.2446047734440584,2.085970474551212,2.2084,5.79251515161,2.12357873071,2.08291413214
597,2.1284137947560335,2.037520381571448,1.9961657867062887,2.0975,4.17981189515,1.9218746726099998,1.8803333390299999
598,1.838531994157673,1.6463931059873045,1.696884900900987,1.8999,3.48484489611,1.53187568579,1.49886693864
599,1.3439847634657718,1.269753634430345,1.137129956147237,1.5279,2.61403304961,1.157232487,1.13910850083
600,1.0120101954149523,0.9119096316020989,0.8218610344709574,1.177,2.05129641294,0.7739405867649999,0.7739405867649999
601,0.6561943188161856,0.7871622999781145,0.44762539269910556,0.82083,1.85777841663,0.6281378394179999,0.6281378394179999
602,0.6907805615095107,0.7431924279288694,0.5208380810997402,0.67862,1.6985561407799998,0.559890457454,0.559890457454
603,0.7484086886565822,0.764443323352443,0.5232617138066455,0.61205,1.51680715688,0.5460494020269999,0.5460494020269999
604,0.8276730362912824,0.7861596235898913,0.55982372103697,0.59855,1.45321956515,0.544887060357,0.544887060357
605,0.8384609051279647,0.845004244459569,0.5687968763197184,0.59742,1.7428350116599998,0.628521319157,0.60825582835
606,0.9736578749091778,1.115124950465572,0.6931197698141089,0.65923,2.40177556129,0.829732296234,0.807899448408
607,1.3854212710625042,1.4975672506151643,1.0038095663102173,0.85395,2.81074430893,1.14046905566,1.14046905566
608,1.795646163896521,1.3387992036743208,1.4265799165343012,1.1783,2.9387454270099997,1.09444557833,1.09444557833
609,1.4002151673072092,1.059537034123614,1.0539654084166634,1.1334,3.89476051994,0.951576741937,0.951576741937
610,1.0283066425229774,0.9865370799439881,0.826806072949675,0.99408,4.49241274206,0.94649174691,0.94649174691
611,1.0526521728851057,0.9599869592504937,0.9691360923800845,0.98913,5.20928682584,0.965411362101,0.965411362101
612,1.0959450488708622,0.929129863029994,1.0091281530852365,1.0076,5.71376842954,0.949853547191,0.949853547191
613,1.1047123096209168,0.9039046362253271,0.9572933652917972,0.9924,6.391732308049999,0.9218278095469999,0.9218278095469999
614,1.0806306971554993,0.9220884686473441,0.9182079822031837,0.9650700000000001,6.50443473205,0.931080600826,0.931080600826
615,1.1000526446652537,1.032457154805114,0.9655577320267353,0.97409,6.740952524119999,1.04176008771,1.04176008771
616,1.2365566301741449,1.382451243521038,1.1677648351365566,1.082,6.76128003264,1.38756279146,1.38756279146
617,1.6986297507308503,2.0024021206627354,1.6708272237017503,1.4193,6.6521246911,1.96564658107,1.96564658107
618,2.4697940613854596,2.446901670367487,2.347105500594161,1.9832,6.17673417392,2.30384526037,2.30384526037
619,2.806248757857907,2.427811828037508,2.6296932679099334,2.313,6.01832433089,2.1965590177700003,2.1965590177700003
620,2.492066832300374,2.242720621586182,2.085970474551212,2.2084,5.31369271704,2.08291413214,2.08291413214
621,2.128412524354683,2.0364498337227213,1.9961657867062887,2.0975,4.61043015866,1.8803333390299999,1.8803333390299999
622,1.8829344781454105,1.6704432919776333,1.696884900900987,1.8999,3.52383987489,1.49886693864,1.49886693864
623,1.408335848081614,1.3181655371693903,1.137129956147237,1.5279,2.7177457453400002,1.13910850083,1.13910850083
624,1.0706253175990181,0.9640385400655661,0.8218610344709574,1.177,2.20899795407,0.7739405867649999,0.7739405867649999
625,0.7112039944355051,0.8397057136273437,0.44762539269910556,0.82083,1.72822286255,0.6281378394179999,0.6281378394179999
626,0.7355907867181485,0.7958676072480493,0.5208380810997402,0.67862,1.54812076659,0.559890457454,0.559890457454
627,0.7671052250002512,0.7986395470956443,0.5232617138066455,0.61205,1.31144279821,0.5460494020269999,0.5460494020269999
628,0.8595896330310943,0.8181078938735366,0.55982372103697,0.59855,1.27973862213,0.544887060357,0.544887060357
629,0.8765293965666633,0.8873529826073008,0.5687968763197184,0.59742,1.50090355693,0.60825582835,0.60825582835
630,0.9815922817491878,1.142247942724108,0.6931197698141089,0.65923,1.9964160660199999,0.807899448408,0.807899448408
631,1.3604341050592488,1.4924359754549972,1.0038095663102173,0.85395,2.23719180567,1.14046905566,1.14046905566
632,1.8272958786905376,1.3612383301012698,1.4265799165343012,1.1783,2.3559660760099996,1.09444557833,1.09444557833
633,1.4023848683555844,1.0751527147606126,1.0539654084166634,1.1334,2.96864764619,0.951576741937,0.951576741937
634,1.0349944872089059,0.9993766937645079,0.826806072949675,0.99408,3.5697593988,0.94649174691,0.94649174691
635,1.053514186045025,0.9707535490895485,0.9691360923800845,0.98913,3.64470539754,0.965411362101,0.965411362101
636,1.0929197049793418,0.93304641171045,1.0091281530852365,1.0076,4.39515359979,0.949853547191,0.949853547191
637,1.1039044003158598,0.9043837934866623,0.9572933652917972,0.9924,5.0130993738,0.9218278095469999,0.9218278095469999
638,1.0802140794420358,0.9198381213924995,0.9182079822031837,0.9650700000000001,5.04432844241,0.931080600826,0.931080600826
639,1.1002026277150785,1.0284161029283854,0.9655577320267353,0.97409,5.0098646990499995,1.04176008771,1.04176008771
640,1.236640102707111,1.376527496415356,1.1677648351365566,1.082,5.06196231812,1.38756279146,1.38756279146
641,1.6986942905784919,1.9968617580889387,1.6708272237017503,1.4193,4.4925739912400005,1.96564658107,1.96564658107
642,2.469798195782734,2.4421119775687687,2.347105500594161,1.9832,4.289708946469999,2.30384526037,2.30384526037
643,2.8062454237328214,2.424844541318233,2.6296932679099334,2.313,4.248596571619999,2.1965590177700003,2.1965590177700003
644,2.4920603546880997,2.2406654484344006,2.085970474551212,2.2084,3.80269904182,2.08291413214,2.08291413214
645,2.128410601965748,2.0395755507171973,1.9961657867062887,2.0975,3.1612262134900004,1.8803333390299999,1.8803333390299999
646,1.8456183482796535,1.6520050477728276,1.696884900900987,1.8999,2.4146412654,1.49886693864,1.49886693864
647,1.3914921503043225,1.2986781461009858,1.137129956147237,1.5279,1.75623221801,1.13910850083,1.13910850083
648,1.031945756361495,0.9348369216471588,0.8218610344709574,1.177,1.4450624107700003,0.7739405867649999,0.7739405867649999
649,0.6905866132623112,0.8114505618707883,0.44762539269910556,0.82083,1.15760621521,0.6281378394179999,0.6281378394179999
650,0.7135253710566121,0.7708523600450607,0.5208380810997402,0.67862,1.0640490678899999,0.559890457454,0.559890457454
651,0.7433842856498,0.7748053008246574,0.5232617138066455,0.61205,0.880193431225,0.5460494020269999,0.5460494020269999
652,0.8171701487050589,0.7816329347196084,0.55982372103697,0.59855,0.9407344830589999,0.544887060357,0.544887060357
653,0.8255838057493753,0.8422216792940337,0.5687968763197184,0.59742,1.1058827013799999,0.60825582835,0.60825582835
654,0.9370494808484893,1.0984436254508856,0.6931197698141089,0.65923,1.6866810919,0.807899448408,0.807899448408
655,1.3783837071117282,1.485147654604348,1.0038095663102173,0.85395,2.0976625811400003,1.14046905566,1.14046905566
656,1.7940881444478292,1.339132648255966,1.4265799165343012,1.1783,2.3582478073599997,1.09444557833,1.09444557833
657,1.4519648921204404,1.0903444814998788,1.0539654084166634,1.1334,2.86972516666,0.951576741937,0.951576741937
658,1.0729839621724309,1.0332168745137769,0.826806072949675,0.99408,3.20190844872,0.94649174691,0.94649174691
659,1.116955662771181,1.0208231496744267,0.9691360923800845,0.98913,3.47792545064,0.965411362101,0.965411362101
660,1.1615826051943594,0.9958181882747623,1.0091281530852365,1.0076,3.8529940839599996,0.949853547191,0.949853547191
661,1.1562047121655137,0.9616703525916257,0.9572933652917972,0.9924,4.1937521553699995,0.9218278095469999,0.9218278095469999
662,1.1253833808705291,0.9698116683376246,0.9182079822031837,0.9650700000000001,4.69234552004,0.931080600826,0.931080600826
663,1.1381228394106082,1.0713428304193182,0.9655577320267353,0.97409,4.94171029589,1.04176008771,1.04176008771
664,1.2746183158597493,1.4147257974501921,1.1677648351365566,1.082,5.12828003232,1.38756279146,1.38756279146
665,1.7365339819955796,2.0335152804807155,1.6708272237017503,1.4193,4.86162192253,1.96564658107,1.96564658107
666,2.5082227316223156,2.4785976711180235,2.347105500594161,1.9832,4.72225607063,2.30384526037,2.30384526037
667,2.8433042722690804,2.461815052595042,2.6296932679099334,2.313,4.56529763593,2.1965590177700003,2.1965590177700003
668,2.5298117804229396,2.2784161943650276,2.085970474551212,2.2084,4.23533826405,2.08291413214,2.08291413214
669,2.16728135566089,2.0787550850221175,1.9961657867062887,2.0975,3.2924554197099996,1.8803333390299999,1.8803333390299999
670,1.8785518698934833,1.694130187271663,1.696884900900987,1.8999,2.69616143182,1.49886693864,1.49886693864
671,1.384597361973935,1.3124071271726718,1.137129956147237,1.5279,2.02572077976,1.13910850083,1.13910850083
672,1.050054035587616,0.9530616486150293,0.8218610344709574,1.177,1.64416722215,0.7739405867649999,0.7739405867649999
673,0.6753998350538856,0.8119369229427211,0.44762539269910556,0.82083,1.3673930025299998,0.6281378394179999,0.6281378394179999
674,0.6973202807040365,0.7606068141257439,0.5208380810997402,0.67862,1.20747246391,0.559890457454,0.559890457454
675,0.7618925716733145,0.7804243563228288,0.5232617138066455,0.61205,1.07338311304,0.5460494020269999,0.5460494020269999
676,0.8356304173899828,0.7936158828983274,0.55982372103697,0.59855,1.0563479610200002,0.544887060357,0.544887060357
677,0.8606134119969996,0.8666334533123958,0.5687968763197184,0.59742,1.2544542722799998,0.60825582835,0.60825582835
678,0.9629062453743094,1.1311058465470714,0.6931197698141089,0.65923,1.68120711618,0.807899448408,0.807899448408
679,1.3577253572529215,1.4843600056089885,1.0038095663102173,0.85395,1.8199188351700002,1.14046905566,1.14046905566
680,1.8187828357570526,1.3622106706996013,1.4265799165343012,1.1783,2.12108756283,1.09444557833,1.09444557833
681,1.42429072978762,1.0864950347935194,1.0539654084166634,1.1334,2.67327268014,0.951576741937,0.951576741937
682,1.0716363274595606,1.0332421578042625,0.826806072949675,0.99408,3.07815366593,0.94649174691,0.94649174691
683,1.1081338553368523,1.0206509691254537,0.9691360923800845,0.98913,3.6532111678300003,0.965411362101,0.965411362101
684,1.1667449683078588,0.9962217578732927,1.0091281530852365,1.0076,4.12169216924,0.949853547191,0.949853547191
685,1.156413219680315,0.9622258378497834,0.9572933652917972,0.9924,4.67184030264,0.9218278095469999,0.9218278095469999
686,1.1265345331414565,0.9683370012363866,0.9182079822031837,0.9650700000000001,4.96797510516,0.931080600826,0.931080600826
687,1.1378940062141054,1.0684389635462237,0.9655577320267353,0.97409,5.257885131369999,1.04176008771,1.04176008771
688,1.274614901066127,1.4098152731043023,1.1677648351365566,1.082,5.60892450265,1.38756279146,1.38756279146
689,1.7364133840530398,2.0282140173291765,1.6708272237017503,1.4193,5.119535675880001,1.96564658107,1.96564658107
690,2.5082186708253054,2.473561826956627,2.347105500594161,1.9832,4.60709619865,2.30384526037,2.30384526037
691,2.8432970598722456,2.458432524284766,2.6296932679099334,2.313,4.56193117879,2.1965590177700003,2.1965590177700003
692,2.5298212804613245,2.2761407257939337,2.085970474551212,2.2084,4.2488710352800005,2.08291413214,2.08291413214
693,2.1672833179240873,2.07658908492451,1.9961657867062887,2.0975,3.21496287759,1.8803333390299999,1.8803333390299999
694,1.8785534777266801,1.693878654747902,1.696884900900987,1.8999,2.68000369504,1.49886693864,1.49886693864
695,1.3681918231713468,1.3069694345571818,1.137129956147237,1.5279,2.09095176427,1.13910850083,1.13910850083
696,0.9850411354467694,0.9129579571408432,0.8218610344709574,1.177,1.7051326378,0.7739405867649999,0.78160988366
697,0.624623433268798,0.7650674548214773,0.4629686767445675,0.82831,1.5093799140000002,0.6281378394179999,0.632742700817
698,0.6761184808541625,0.7314182201930703,0.522632495101995,0.68311,1.32840230004,0.559890457454,0.562936902275
699,0.7159565521504925,0.7382363420652879,0.5248973726126267,0.61502,1.1447377088200001,0.5460494020269999,0.54764237355
700,0.8138678509949961,0.7595113265320054,0.5600536207924328,0.60011,1.14517534045,0.544887060357,0.548003408553
701,0.7909170040907296,0.8131860009900186,0.5734986585823117,0.60046,1.3805668311000001,0.60825582835,0.613035303017
702,0.9453826745898679,1.0955075300728525,0.6994097610953722,0.66389,1.98045048624,0.807899448408,0.820295879262
703,1.3602334491636443,1.4743668103432828,1.0215168797158736,0.8660399999999999,2.38190875308,1.14046905566,1.16515731109
704,1.7603650898497265,1.3254057802496564,1.4579830614575637,1.2024,2.82442024444,1.09444557833,1.13228909582
705,1.3668785023091288,1.0401913471955406,1.1076138575567611,1.1703,3.61610457319,0.951576741937,1.00411297656
706,0.9896700599915447,0.9719243721655172,0.8939985556519117,1.0453,4.06193294877,0.94649174691,1.0058940141600001
707,1.0564018592108022,0.9662361151470424,1.0347518584244007,1.0471,4.5336277208,0.965411362101,1.0266482479799999
708,1.1062327258363343,0.9364018830080951,1.0719014985709827,1.0673,4.9586569982599995,0.949853547191,1.00563247076
709,1.1094444542344375,0.9062766463979379,1.0072506943842523,1.0468,5.264367024049999,0.9218278095469999,0.972680513969
710,1.0818396808352542,0.9154377634103159,0.9642808314908549,1.0147,5.9061531050300005,0.931080600826,0.976727101541
711,1.0996092346893918,1.0192019322321326,1.0063104370273548,1.0186,5.95266720352,1.04176008771,1.0849955559
712,1.236090334219671,1.3614970112960652,1.2088962701438928,1.1242,6.32889550639,1.38756279146,1.42946703043
713,1.6983952213682374,1.9808328163097377,1.7118469239581908,1.4602,5.74519152109,1.96564658107,2.00689049951
714,2.469760544642715,2.427108153026065,2.3880335837420876,2.0234,5.510371414630001,2.30384526037,2.3438739616900004
715,2.8062721889958233,2.4145409087123397,2.668954239165947,2.3521,4.9101018301099995,2.1965590177700003,2.23651123085
716,2.4920917091835095,2.2336503177342086,2.1257734176493366,2.2473,4.724219924,2.08291413214,2.12357873071
717,2.128422138684685,2.0338122005634096,2.0375837532648724,2.1372,3.83219798099,1.8803333390299999,1.9218746726099998
718,1.8385330263175361,1.6503226172971925,1.7393052760612981,1.9405,3.2311829806700003,1.49886693864,1.53187568579
719,1.3424184713716156,1.2709455879334992,1.1614155133054656,1.5601,2.25368122937,1.13910850083,1.157232487
720,0.9783385344585966,0.8948424925801569,0.8262076511835367,1.1947,1.7543917101900002,0.78160988366,0.78160988366
721,0.6106890646166567,0.7502750478851634,0.44645352851549375,0.82831,1.4102824494400001,0.632742700817,0.632742700817
722,0.6560768594739483,0.7098722020797692,0.5225245296667782,0.68311,1.42768909242,0.562936902275,0.562936902275
723,0.6909411724080242,0.7162043719861008,0.5248883338480764,0.61502,1.3382129146100001,0.54764237355,0.54764237355
724,0.7762205802570625,0.7230294741426521,0.5600548375491992,0.60011,1.28799244376,0.548003408553,0.548003408553
725,0.7860765862585152,0.7998180207729078,0.5734987889491081,0.60046,1.51694933764,0.613035303017,0.613035303017
726,0.9003985280929672,1.0664310551956506,0.699409804550971,0.66389,2.25939230194,0.820295879262,0.820295879262
727,1.3327276680533033,1.4384725329678671,1.0215168797158736,0.8660399999999999,2.7664602128099998,1.16515731109,1.16515731109
728,1.7275578580063145,1.2978379144172687,1.4579830614575637,1.2024,3.32574856816,1.13228909582,1.13228909582
729,1.3681849907229187,1.0288739848910766,1.1076138575567611,1.1703,4.1565922224000005,1.00411297656,1.00411297656
730,0.9995768120855639,0.9785660278358688,0.8939985556519117,1.0453,4.80618155036,1.0058940141600001,1.0058940141600001
731,1.060397466770772,0.9711950479610677,1.0347518584244007,1.0471,5.84658844674,1.0266482479799999,1.0266482479799999
732,1.1074943344893702,0.939239928355933,1.0719014985709827,1.0673,6.05663773346,1.00563247076,1.00563247076
733,1.1090066956674072,0.9073591994181476,1.0072506943842523,1.0468,6.37553154923,0.972680513969,0.972680513969
734,1.0814460735093043,0.9147073284452366,0.9642808314908549,1.0147,6.4739794036300005,0.976727101541,0.976727101541
735,1.0993852959488493,1.016443685033149,1.0063104370273548,1.0186,6.599486109630001,1.0849955559,1.0849955559
736,1.2360625303885642,1.3569914454003416,1.2088962701438928,1.1242,6.839695605269999,1.42946703043,1.42946703043
737,1.6984136628987512,1.9756134937366754,1.7118469239581908,1.4602,6.58963778963,2.00689049951,2.00689049951
738,2.469783709900213,2.4220887633308985,2.3880335837420876,2.0234,6.4717600287599995,2.3438739616900004,2.3438739616900004
739,2.8062806374016427,2.4105074701647435,2.668954239165947,2.3521,6.1777568696700005,2.23651123085,2.23651123085
740,2.492093039504395,2.2307635497453457,2.1257734176493366,2.2473,5.60794368181,2.12357873071,2.12357873071
741,2.12842072726486,2.0314391962673994,2.0375837532648724,2.1372,4.20931542642,1.9218746726099998,1.9218746726099998
742,1.8385320185221457,1.6495985901540673,1.7393052760612981,1.9405,3.5618052815800003,1.53187568579,1.53187568579
743,1.3424180588315537,1.2706424621388521,1.1614155133054656,1.5601,2.7873287341000004,1.157232487,1.157232487
744,0.978338523915011,0.8948780301676877,0.8262076511835367,1.1947,2.59329535561,0.78160988366,0.7739405867649999
745,0.6094550188517655,0.751518162167562,0.4312122130326144,0.82083,2.39078246055,0.632742700817,0.6281378394179999
746,0.6499853335475959,0.7056689058026839,0.5206153711558938,0.67862,2.03128617528,0.562936902275,0.559890457454
747,0.6689871590291757,0.7029056910281402,0.5232480687486226,0.61205,1.71572142865,0.54764237355,0.5460494020269999
748,0.7395013126574526,0.6966008721675712,0.5598255027165208,0.59855,1.7895955658400002,0.548003408553,0.544887060357
749,0.7640903110932227,0.7746380448527493,0.5687970501421136,0.59742,2.03632064097,0.613035303017,0.60825582835
750,0.8852121975640014,1.0518467491839294,0.6931198132697077,0.65923,2.5128415456799997,0.820295879262,0.807899448408
751,1.228911746870339,1.3714674358277719,1.0038095663102173,0.85395,2.76645359288,1.16515731109,1.14046905566
752,1.612198394961217,1.2100402592947166,1.4265799165343012,1.1783,3.04947559003,1.13228909582,1.09444557833
753,1.237156797056862,0.9204911759795463,1.0539654084166634,1.1334,3.6040947792,1.00411297656,0.951576741937
754,0.9866482362332802,0.921865768791186,0.826806072949675,0.99408,3.7659425940300006,1.0058940141600001,0.94649174691
755,1.021350280813885,0.9254763239965602,0.9691360923800845,0.98913,4.6112993798,1.0266482479799999,0.965411362101
756,1.072199148625427,0.8934696550376112,1.0091281530852365,1.0076,5.16104168064,1.00563247076,0.949853547191
757,1.062450611457296,0.8600675666922735,0.9572933652917972,0.9924,5.126099876740001,0.972680513969,0.9218278095469999
758,1.0353305392870555,0.8657080897907685,0.9182079822031837,0.9650700000000001,5.06177716305,0.976727101541,0.931080600826
759,1.0505078637573873,0.9645201362115103,0.9655577320267353,0.97409,4.87715387574,1.0849955559,1.04176008771
760,1.1499945569548098,1.2828919565836838,1.1677648351365566,1.082,5.1095250186,1.42946703043,1.38756279146
761,1.5062764478031716,1.8346335661440973,1.6708272237017503,1.4193,4.68315256291,2.00689049951,1.96564658107
762,2.147584914933353,2.1806014470287725,2.347105500594161,1.9832,4.90281885383,2.3438739616900004,2.30384526037
763,2.5424119512731993,2.1521342680980107,2.6296932679099334,2.313,4.97408462039,2.23651123085,2.1965590177700003
764,2.5391160833379907,2.1295853625231356,2.085970474551212,2.2084,4.57546234411,2.12357873071,2.08291413214
765,2.2319332331557513,2.033863821623042,1.9961657867062887,2.0975,3.85611183009,1.9218746726099998,1.8803333390299999
766,1.8738444692836764,1.6573146220623263,1.696884900900987,1.8999,3.39767837436,1.53187568579,1.49886693864
767,1.3454531467918,1.2719819192657167,1.137129956147237,1.5279,2.7153097436199998,1.157232487,1.13910850083
768,0.9850247674377767,0.9019337970886395,0.8218610344709574,1.177,2.37794556464,0.7739405867649999,0.7739405867649999
769,0.5952516017483783,0.7512171386546795,0.44762539269910556,0.82083,2.12578934224,0.6281378394179999,0.6281378394179999
770,0.6200059818757803,0.6877180321167884,0.5208380810997402,0.67862,1.9942151862200002,0.559890457454,0.559890457454
771,0.6365159654585754,0.6775222082022953,0.5232617138066455,0.61205,1.8894888931599998,0.5460494020269999,0.5460494020269999
772,0.699431556825096,0.6659359395246855,0.55982372103697,0.59855,1.92136204801,0.544887060357,0.544887060357
773,0.7129227946652766,0.7312914232370551,0.5687968763197184,0.59742,2.18676670163,0.60825582835,0.60825582835
774,0.832324722679085,0.9971268993675807,0.6931197698141089,0.65923,2.93049853958,0.807899448408,0.807899448408
775,1.1593127415339628,1.3105535523332152,1.0038095663102173,0.85395,2.7529278278600002,1.14046905566,1.14046905566
776,1.6187462047396404,1.189815481595006,1.4265799165343012,1.1783,2.8959220475700005,1.09444557833,1.09444557833
777,1.2531563771226772,0.9337927454511977,1.0539654084166634,1.1334,3.41142183747,0.951576741937,0.951576741937
778,0.9948641979177228,0.9221932426086616,0.826806072949675,0.99408,3.64574716199,0.94649174691,0.94649174691
779,1.023342649741887,0.9279701474481027,0.9691360923800845,0.98913,4.44876673782,0.965411362101,0.965411362101
780,1.0715804214725306,0.8962549431737413,1.0091281530852365,1.0076,4.34738304436,0.949853547191,0.949853547191
781,1.0616666727906197,0.8616703126636633,0.9572933652917972,0.9924,4.31703177832,0.9218278095469999,0.9218278095469999
782,1.0349470119574908,0.8654381006499627,0.9182079822031837,0.9650700000000001,4.1676584197,0.931080600826,0.931080600826
783,1.0504419603428958,0.9588209836968974,0.9655577320267353,0.97409,4.37092298954,1.04176008771,1.04176008771
784,1.150032550750226,1.2699285345441913,1.1677648351365566,1.082,4.76954297422,1.38756279146,1.38756279146
785,1.506316446927511,1.8218548695620072,1.6708272237017503,1.4193,4.5203276411,1.96564658107,1.96564658107
786,2.147601510040591,2.189880258919809,2.347105500594161,1.9832,4.6276402886,2.30384526037,2.30384526037
787,2.542414094644919,2.182661879448295,2.6296932679099334,2.313,4.85394087951,2.1965590177700003,2.1965590177700003
788,2.53911372540012,2.121844890658687,2.085970474551212,2.2084,4.50749136209,2.08291413214,2.08291413214
789,2.2319313140774026,2.0119495690044595,1.9961657867062887,2.0975,4.02903103708,1.8803333390299999,1.8803333390299999
790,1.8738437382898865,1.6509905652363472,1.696884900900987,1.8999,3.52806449379,1.49886693864,1.49886693864
791,1.3454531074033955,1.272964741113711,1.137129956147237,1.5279,2.54603931452,1.13910850083,1.13910850083
792,0.9850248974285308,0.899309916439493,0.8218610344709574,1.177,2.22892974618,0.7739405867649999,0.7739405867649999
793,0.5952516947859191,0.7506135460436503,0.44762539269910556,0.82083,1.92759914961,0.6281378394179999,0.6281378394179999
794,0.6200060121743648,0.687438194497977,0.5208380810997402,0.67862,1.8870630328599998,0.559890457454,0.559890457454
795,0.6365159648348,0.6767842639941922,0.5232617138066455,0.61205,1.72609944059,0.5460494020269999,0.5460494020269999
796,0.7132477197160464,0.6743172008879759,0.55982372103697,0.59855,1.74697246803,0.544887060357,0.544887060357
797,0.7318390314635114,0.7458483395312004,0.5687968763197184,0.59742,2.01286695188,0.60825582835,0.60825582835
798,0.868392343823624,1.0169976309190996,0.6931197698141089,0.65923,2.618983653,0.807899448408,0.807899448408
799,1.2605627236977397,1.383741140229934,1.0038095663102173,0.85395,3.1733606157099996,1.14046905566,1.14046905566
800,1.630759773128338,1.2343909679326261,1.4265799165343012,1.1783,3.8226469971399997,1.09444557833,1.09444557833
801,1.2331721588704707,0.9520323017964234,1.0539654084166634,1.1334,4.77058374638,0.951576741937,0.951576741937
802,0.9851240970273469,0.9253489399831504,0.826806072949675,0.99408,5.230945515859999,0.94649174691,0.94649174691
803,1.0190826353320004,0.9305684773085312,0.9691360923800845,0.98913,5.1540794093699995,0.965411362101,0.965411362101
804,1.0720122629551376,0.8990107115821292,1.0091281530852365,1.0076,5.220460399649999,0.949853547191,0.949853547191
805,1.0624278752264074,0.8634551148093158,0.9572933652917972,0.9924,4.24288550529,0.9218278095469999,0.9218278095469999
806,1.0355266183639733,0.8654925522385973,0.9182079822031837,0.9650700000000001,4.0131869906999995,0.931080600826,0.931080600826
807,1.050564952203546,0.9540302949880606,0.9655577320267353,0.97409,4.42092604751,1.04176008771,1.04176008771
808,1.1500194601248892,1.2582555440832233,1.1677648351365566,1.082,5.2346620456199995,1.38756279146,1.38756279146
809,1.5062665507141582,1.809250758156936,1.6708272237017503,1.4193,4.65467238888,1.96564658107,1.96564658107
810,2.1475789116444295,2.195703872395671,2.347105500594161,1.9832,4.64526331395,2.30384526037,2.30384526037
811,2.542407830105332,2.209288859555249,2.6296932679099334,2.313,4.89477429834,2.1965590177700003,2.1965590177700003
812,2.539115811834868,2.1195308585791968,2.085970474551212,2.2084,4.67300261831,2.08291413214,2.08291413214
813,2.231933507180724,1.9931300880499445,1.9961657867062887,2.0975,4.09842567645,1.8803333390299999,1.8803333390299999
814,1.8738448952573052,1.6426935467058628,1.696884900900987,1.8999,3.4051624842900003,1.49886693864,1.49886693864
815,1.345453276209435,1.2724823250072086,1.137129956147237,1.5279,2.53964073195,1.13910850083,1.13910850083
816,1.0064177613889087,0.9082062517160271,0.8218610344709574,1.177,2.43190515797,0.7739405867649999,0.7739405867649999
817,0.6761755265679268,0.797854626928973,0.44762539269910556,0.82083,2.26339421194,0.6281378394179999,0.6281378394179999
818,0.6949398378425312,0.7501763298497132,0.5208380810997402,0.67862,1.96393275249,0.559890457454,0.559890457454
819,0.7263270071186793,0.7538848607307481,0.5232617138066455,0.61205,1.7977115124599998,0.5460494020269999,0.5460494020269999
820,0.816867467349151,0.7681609088067297,0.55982372103697,0.59855,1.7336559257900002,0.544887060357,0.544887060357
821,0.839080526597595,0.8504932006755997,0.5687968763197184,0.59742,2.30680768181,0.60825582835,0.60825582835
822,0.9569117767502524,1.1158860666124415,0.6931197698141089,0.65923,2.7235861132499997,0.807899448408,0.807899448408
823,1.3673056458780832,1.4827874181732772,1.0038095663102173,0.85395,3.0313789629000003,1.14046905566,1.14046905566
824,1.720019573019102,1.337263325627992,1.4265799165343012,1.1783,3.5434141583499996,1.09444557833,1.09444557833
825,1.3118773781419057,1.0590188189779868,1.0539654084166634,1.1334,4.720183538580001,0.951576741937,0.951576741937
826,1.0374469301339864,1.0044275165398087,0.826806072949675,0.99408,5.15749008497,0.94649174691,0.94649174691
827,1.0651083392568885,0.9952655974902591,0.9691360923800845,0.98913,5.69203313097,0.965411362101,0.965411362101
828,1.1278234546052293,0.9631145973273603,1.0091281530852365,1.0076,5.544832704480001,0.949853547191,0.949853547191
829,1.1108594531493328,0.9220514973759542,0.9572933652917972,0.9924,5.79621777112,0.9218278095469999,0.9218278095469999
830,1.0807978530157727,0.9176137966519695,0.9182079822031837,0.9650700000000001,5.21785598382,0.931080600826,0.931080600826
831,1.0894889374858145,0.9966648594829408,0.9655577320267353,0.97409,5.10117405013,1.04176008771,1.04176008771
832,1.1885732118746504,1.2915662460384418,1.1677648351365566,1.082,5.645163891930001,1.38756279146,1.38756279146
833,1.5442725495355232,1.8391841343098054,1.6708272237017503,1.4193,5.224634586580001,1.96564658107,1.96564658107
834,2.1859765860511264,2.240066011296324,2.347105500594161,1.9832,5.07618371559,2.30384526037,2.30384526037
835,2.579416685890445,2.2724245079517345,2.6296932679099334,2.313,5.083780388269999,2.1965590177700003,2.1965590177700003
836,2.5768398220516335,2.1611949554843335,2.085970474551212,2.2084,4.62487187693,2.08291413214,2.08291413214
837,2.2707982675614735,2.0181045181848485,1.9961657867062887,2.0975,4.01491112554,1.8803333390299999,1.8803333390299999
838,1.9138672777721064,1.6746320904446503,1.696884900900987,1.8999,3.55092514569,1.49886693864,1.49886693864
839,1.371227747577458,1.3070124893936472,1.137129956147237,1.5279,2.56558843423,1.13910850083,1.13910850083
840,0.9945034533524979,0.9220921852385461,0.8218610344709574,1.177,2.22613462146,0.7739405867649999,0.7739405867649999
841,0.6256496430611387,0.7728455133698002,0.44762539269910556,0.82083,1.9204614463599998,0.6281378394179999,0.6281378394179999
842,0.6751602526810931,0.7292953713543059,0.5208380810997402,0.67862,1.78524840677,0.559890457454,0.559890457454
843,0.7067499436168557,0.7365487824849941,0.5232617138066455,0.61205,1.53919026787,0.5460494020269999,0.5460494020269999
844,0.7788176154771642,0.7375929941881927,0.55982372103697,0.59855,1.5266812963799998,0.544887060357,0.544887060357
845,0.7968645150069438,0.8114292692611146,0.5687968763197184,0.59742,1.9299293532099997,0.60825582835,0.617738916274
846,0.9257278776076026,1.084146189194706,0.71108430423376,0.66848,2.51178402435,0.807899448408,0.817330370767
847,1.273339669242727,1.4097817218519235,1.0138115821486378,0.86315,3.0527444824199996,1.14046905566,1.14046905566
848,1.687979212695378,1.286012533920718,1.4219126114008624,1.1783,3.6357432009500004,1.09444557833,1.09444557833
849,1.3208985404319904,1.0523659778321026,1.0539821822778,1.1334,4.526003623319999,0.951576741937,0.951576741937
850,1.048334236057123,1.0061961707438551,0.8268011407392113,0.99408,4.93672279344,0.94649174691,0.94649174691
851,1.0728189256430758,1.0005044942034584,0.9691357447352941,0.98913,5.99304452771,0.965411362101,0.965411362101
852,1.1286938518056326,0.9654943236993754,1.0091281530852365,1.0076,6.443369735219999,0.949853547191,0.949853547191
853,1.1104778874669787,0.9240220166138627,0.9572933870195967,0.9924,6.32409552164,0.9218278095469999,0.9218278095469999
854,1.0800483319503609,0.9181711433091104,0.9182079822031837,0.9650700000000001,6.35057454471,0.931080600826,0.931080600826
855,1.0892302258379891,0.9938358048933887,0.9655577320267353,0.97409,6.47744925893,1.04176008771,1.04176008771
856,1.1885131922773708,1.2825516612392232,1.1677648351365566,1.082,6.50784786929,1.38756279146,1.38756279146
857,1.5443154828656271,1.8275757910960295,1.6708272237017503,1.4193,6.499096496919999,1.96564658107,1.96564658107
858,2.1860063187573844,2.240667108473646,2.347105500594161,1.9832,6.166867446830001,2.30384526037,2.30384526037
859,2.579430862987468,2.2919658226904573,2.6296932679099334,2.313,6.057658728200001,2.1965590177700003,2.1965590177700003
860,2.5768404316262514,2.16583449453109,2.085970474551212,2.2084,5.4366197189,2.08291413214,2.08291413214
861,2.2707964114571078,2.0057627354047813,1.9961657867062887,2.0975,4.56706641064,1.8803333390299999,1.8803333390299999
862,1.9138656036793769,1.6632495775551972,1.696884900900987,1.8999,3.43343517019,1.49886693864,1.49886693864
863,1.3825051405321562,1.3082165984475755,1.137129956147237,1.5279,2.5558832549200003,1.13910850083,1.13910850083
864,1.0739901281400557,0.966895678276972,0.8218610344709574,1.177,2.18009431425,0.7739405867649999,0.78160988366
865,0.6943492524005568,0.8338444108143539,0.4629686767445675,0.82831,1.8220657279099999,0.6281378394179999,0.632742700817
866,0.7552296792888488,0.7973093357502606,0.522632495101995,0.68311,1.58159890859,0.559890457454,0.562936902275
867,0.780248408897437,0.8081171866624045,0.5248973726126267,0.61502,1.33805174336,0.5460494020269999,0.54764237355
868,0.8528751635550095,0.8134022246647523,0.5600536207924328,0.60011,1.26440981957,0.544887060357,0.548003408553
869,0.8877516490765521,0.8984121236333202,0.5734986585823117,0.60046,1.7233262091400001,0.617738916274,0.613035303017
870,0.996961861015808,1.1612753599975922,0.6994097610953722,0.66389,2.08037835302,0.817330370767,0.820295879262
871,1.4028926987859394,1.5201830292059766,1.0215168797158736,0.8660399999999999,2.5489480628,1.14046905566,1.16515731109
872,1.70662103069193,1.3550122081289167,1.4579830614575637,1.2024,2.88885115414,1.09444557833,1.13228909582
873,1.2920792751727412,1.0741137504131784,1.1076138575567611,1.1703,3.42845183249,0.951576741937,1.00411297656
874,0.9881608696823525,0.9914256536179588,0.8939985556519117,1.0453,3.9771126921699995,0.94649174691,1.0058940141600001
875,1.0251826612750454,0.9725437129494321,1.0347518584244007,1.0471,4.5970734491,0.965411362101,1.0266482479799999
876,1.049454604357679,0.9115155397051742,1.0719014985709827,1.0673,5.14594265262,0.949853547191,1.00563247076
877,1.060033695284331,0.8701867102256489,1.0072506943842523,1.0468,5.2700487401,0.9218278095469999,0.972680513969
878,1.0332086516576453,0.8673168462887746,0.9642808314908549,1.0147,5.33424113478,0.931080600826,0.976727101541
879,1.0520490249456138,0.9449846587882391,1.0063104370273548,1.0186,5.6629842126,1.04176008771,1.0849955559
880,1.150423879391402,1.2308382777580147,1.2088962701438928,1.1242,5.79932876434,1.38756279146,1.42946703043
881,1.506649101491578,1.7743472929179216,1.7118469239581908,1.4602,5.2667553938,1.96564658107,2.00689049951
882,2.1475429932924968,2.198037075066426,2.3880335837420876,2.0234,5.08031277063,2.30384526037,2.3438739616900004
883,2.5423838645018373,2.2679822287156104,2.668954239165947,2.3521,4.97378238561,2.1965590177700003,2.23651123085
884,2.5390731908737725,2.1323106226123305,2.1257734176493366,2.2473,4.38264022106,2.08291413214,2.12357873071
885,2.2319266244167135,1.955832539754394,2.0375837532648724,2.1372,3.5661848530199998,1.8803333390299999,1.9218746726099998
886,1.8938579195466798,1.6223653291898075,1.7393052760612981,1.9405,2.9311222220200004,1.49886693864,1.53187568579
887,1.4033765676187078,1.3043330994026647,1.1614155133054656,1.5601,2.1923180652200003,1.13910850083,1.157232487
888,1.0519937946563804,0.9483350813286603,0.8262076511835367,1.1947,1.6995640202899998,0.78160988366,0.78160988366
889,0.6954512770194167,0.8259800001971391,0.44645352851549375,0.82831,1.3678374712099999,0.632742700817,0.632742700817
890,0.7424957026044858,0.7865146268768208,0.5225245296667782,0.68311,1.25185161268,0.562936902275,0.562936902275
891,0.7671249814270826,0.7937007447111544,0.5248883338480764,0.61502,1.1099281175700002,0.54764237355,0.54764237355
892,0.8378479258741764,0.8012488521184472,0.5600548375491992,0.60011,1.1370352612899999,0.548003408553,0.548003408553
893,0.8546026462970067,0.872443712556972,0.5734987889491081,0.60046,1.24816985221,0.613035303017,0.613035303017
894,0.9740070365441051,1.1395673906133366,0.699409804550971,0.66389,1.80754912186,0.820295879262,0.821772027926
895,1.2953022012768052,1.4420179915771387,1.023989291437946,0.8674799999999999,1.97139834988,1.16515731109,1.16515731109
896,1.6960753653100291,1.3142896973965306,1.4574013648120365,1.2024,2.16916192354,1.13228909582,1.13228909582
897,1.2860730306095762,1.0627680201610759,1.1076196806070002,1.1703,2.65755120899,1.00411297656,1.00411297656
898,0.9936209342641196,0.9911738292179245,0.8939967957001602,1.0453,3.0660981622400003,1.0058940141600001,1.0058940141600001
899,1.0147312311829317,0.9648514900371941,1.0347516846020055,1.0471,3.6543984525099997,1.0266482479799999,1.0266482479799999
900,1.0580344614633033,0.9172748475131245,1.0719014985709827,1.0673,3.9462626809900003,1.00563247076,1.00563247076
901,1.0596524873364388,0.8735106289558822,1.0072506943842523,1.0468,4.60609928321,0.972680513969,0.972680513969
902,1.0345777947317605,0.8686623665891601,0.9642808314908549,1.0147,5.24286278465,0.976727101541,0.976727101541
903,1.0515147685363593,0.9428791499624374,1.0063104370273548,1.0186,5.32384144538,1.0849955559,1.0849955559
904,1.1504236865467552,1.2235767259960817,1.2088962701438928,1.1242,5.57164616215,1.42946703043,1.42946703043
905,1.5064919513642396,1.76376877496921,1.7118469239581908,1.4602,5.16881211389,2.00689049951,2.00689049951
906,2.147559922026403,2.1953914044368656,2.3880335837420876,2.0234,4.895696253090001,2.3438739616900004,2.3438739616900004
907,2.5423787095468944,2.281088237681598,2.668954239165947,2.3521,5.01900587996,2.23651123085,2.23651123085
908,2.53908768763328,2.1396808504548464,2.1257734176493366,2.2473,4.3523642883099996,2.12357873071,2.12357873071
909,2.2319277893449385,1.951016772460255,2.0375837532648724,2.1372,3.5614361810300004,1.9218746726099998,1.9218746726099998
910,1.8738448548562785,1.6059016751498778,1.7393052760612981,1.9405,2.72671527578,1.53187568579,1.53187568579
911,1.3710685913035778,1.274830316135383,1.1614155133054656,1.5601,2.09275426571,1.157232487,1.157232487
912,1.0281431623864237,0.9232974833965112,0.8262076511835367,1.1947,1.7442732214200003,0.78160988366,0.7739405867649999
913,0.6516853760456738,0.7911272260039344,0.4312122130326144,0.82083,1.35700644083,0.632742700817,0.6281378394179999
914,0.6880737067044138,0.7386430975409969,0.5206153711558938,0.67862,1.20830253471,0.562936902275,0.559890457454
915,0.7116640682208261,0.7401528830154452,0.5232480687486226,0.61205,1.05570399746,0.54764237355,0.548661639461
916,0.779333455462849,0.7442204456304471,0.5650042278156068,0.6011,1.04694823764,0.548003408553,0.562964692513
917,0.8126515263181922,0.8223698840518364,0.6020754507581046,0.61505,1.21700612339,0.613035303017,0.658496969115
918,0.9375053784029594,1.0892961708540996,0.7717828276957894,0.70823,1.7595929486300002,0.821772027926,0.860568499665
919,1.2889588763487885,1.419184808203501,1.0601497900093801,0.9053200000000001,1.89978801246,1.16515731109,1.15895394966
920,1.6698237886437801,1.286559658517105,1.4275373858589977,1.1964,2.2145383995700003,1.13228909582,1.09444557833
921,1.266077684196872,1.0422350501799227,1.032034693098426,1.1334,2.80761553324,1.00411297656,0.951576741937
922,0.9882898278130977,0.9837024671832926,0.8290885130932094,0.99408,3.31703793273,1.0058940141600001,0.94649174691
923,1.011684261612049,0.9621420675861572,0.9693600190806971,0.98913,3.8159563444199995,1.0266482479799999,0.965411362101
924,1.0650792406241223,0.9216969873854455,1.0091209394558358,1.0076,4.32089492764,1.00563247076,0.949853547191
925,1.0607097079405134,0.8770079510243394,0.9572905189500759,0.9924,4.79507616078,0.972680513969,0.9218278095469999
926,1.035472674765082,0.8703476450634513,0.9182079604753843,0.9650700000000001,5.14067350093,0.976727101541,0.931080600826
927,1.051104143969054,0.9413721864998078,0.9655577754823341,0.97409,5.41361353005,1.0849955559,1.04176008771
928,1.150289071666044,1.2172237934393015,1.1677648351365566,1.082,5.88948306271,1.42946703043,1.38756279146
929,1.5063577500709444,1.7538574547139612,1.6708272237017503,1.4193,5.386731740419999,2.00689049951,1.96564658107
930,2.14756268067302,2.19159852597167,2.347105500594161,1.9832,5.18808084681,2.3438739616900004,2.30384526037
931,2.5423843858210073,2.2915260012637146,2.6296932679099334,2.313,5.214271199030001,2.23651123085,2.1965590177700003
932,2.5391015237288452,2.1475354260457205,2.085970474551212,2.2084,4.61730188056,2.12357873071,2.08291413214
933,2.231930736125742,1.9462400331916445,1.9961657867062887,2.0975,3.6992084072400004,1.9218746726099998,1.8803333390299999
934,1.8738457082339037,1.5998304950027884,1.696884900900987,1.8999,2.96472140926,1.53187568579,1.51323939475
935,1.3544391652328434,1.2612175504444467,1.166112792951941,1.5419,2.21698239404,1.157232487,1.18362329469
936,1.0406270012445566,0.9209861559616065,0.8949576946429184,1.2204,1.86665371074,0.7739405867649999,0.858296167202
937,0.662552247752484,0.7969626144366722,0.5690822661370682,0.9031,1.5410089463799999,0.6281378394179999,0.733249294854
938,0.7177345246787207,0.7563273484532085,0.6456656024445702,0.78114,1.2897747182500001,0.559890457454,0.682373937771
939,0.7406090484569582,0.7630919530636711,0.6621764295914379,0.73152,1.20559470542,0.548661639461,0.6856712181579999
940,0.8260864748305428,0.7813754402184299,0.7155284108279878,0.73473,1.17120235446,0.562964692513,0.700025842449
941,0.8607944846711286,0.8662891785617199,0.7386352534507573,0.74873,1.3904457269,0.658496969115,0.77989823813
942,0.9814190965616765,1.1309439812144608,0.879475593513566,0.8266399999999999,1.8999662539,0.860568499665,1.00070812215
943,1.302748305047444,1.4476747821162839,1.2119805764285443,1.042,2.1839590037,1.15895394966,1.25713125829
944,1.7019319517415008,1.3179995196169756,1.5015486883519231,1.2921,2.42573490968,1.09444557833,1.14325798866
945,1.2863482441885021,1.075929562804194,1.0224230932559266,1.181,3.0088710728600003,0.951576741937,0.964965176572
946,0.9761200878414198,0.9971129402460667,0.8098490066593446,1.0071,3.5042850889699997,0.94649174691,0.94649174691
947,1.0017957072970376,0.9672890053733008,0.9573835474126163,0.98913,3.9664460864699995,0.965411362101,0.965411362101
948,1.0636444597372403,0.9262335690337908,1.0095975604634664,1.0076,4.24547539607,0.949853547191,0.949853547191
949,1.0607023866192125,0.880669366710674,0.9573290423384114,0.9924,4.96281744736,0.9218278095469999,0.9218278095469999
950,1.0363125486548732,0.8723449452028023,0.9182057007842467,0.9650700000000001,5.32545072911,0.931080600826,0.931080600826
951,1.0514127339985073,0.9404185278164385,0.9655572540151486,0.97409,5.64494506903,1.04176008771,1.04176008771
952,1.1504007295128835,1.211723377809902,1.167764748225359,1.082,5.873722605959999,1.38756279146,1.38756279146
953,1.506319948893264,1.7446425930838465,1.6708272237017503,1.4193,5.421494318220001,1.96564658107,1.96564658107
954,2.1475322358649263,2.1869495449014873,2.347105500594161,1.9832,5.18090188868,2.30384526037,2.30384526037
955,2.542365535417169,2.2995816472691524,2.6296932679099334,2.313,5.24511841888,2.1965590177700003,2.1965590177700003
956,2.5390994208980504,2.1554217495967882,2.085970474551212,2.2084,4.75574481558,2.08291413214,2.08291413214
957,2.2319320877822864,1.9434627248945615,1.9961657867062887,2.0975,3.9845854252999997,1.8803333390299999,1.88417816833
958,1.8738476294659598,1.5926497071799106,1.7049992645108165,1.9037,3.0708536761,1.51323939475,1.5199837930700002
959,1.3608365176963788,1.2629191830321516,1.17519484175375,1.5485,2.4232081567,1.18362329469,1.20324062599
960,1.025315973663125,0.9098561582624292,0.9272193123894469,1.2395,1.89839446232,0.858296167202,0.8635227470119999
961,0.6765696962462904,0.7994777709125286,0.5581131289608685,0.9082,1.7310367460099998,0.733249294854,0.736080205164
962,0.7258588472746127,0.7619415005173116,0.6459910584779978,0.7839,1.46550375859,0.682373937771,0.6902243110349999
963,0.7685275615936461,0.7798247952665618,0.6751342480213152,0.73917,1.2969744781499999,0.6856712181579999,0.68652674492
964,0.8248979123412432,0.7896620201959244,0.7093896720520448,0.73557,1.2938312859899999,0.700025842449,0.695751164799
965,0.8511631971961054,0.8636191906549625,0.7295154503570319,0.74457,1.54311649399,0.77989823813,0.756191450181
966,0.9710462701617653,1.1202601975505926,0.8383226863146157,0.80352,2.0737127584,1.00070812215,0.9534287361689999
967,1.358427380905716,1.476086648688017,1.1474450590755443,0.9958899999999999,2.3120211695400004,1.25713125829,1.23965951306
968,1.7195955065112853,1.3402943687802975,1.5004928170355398,1.2751,2.52001871729,1.14325798866,1.1507142033700002
969,1.3499876181151573,1.1196036321325264,1.0590857290077307,1.1883,3.1301871426599996,0.964965176572,0.9615588183730001
970,1.053511700337329,1.0681810461761918,0.7913090406282979,1.0038,3.50474152365,0.94649174691,0.94649174691
971,1.0605540005431076,1.0373347820838097,0.9598976928089485,0.98913,3.9066387333699994,0.965411362101,0.965411362101
972,1.064100096781548,0.9618214930940572,1.009506260250389,1.0076,4.3689108244199995,0.949853547191,0.949853547191
973,1.0400267566133237,0.8894288543516291,0.9573287164214205,0.9924,5.04607095573,0.9218278095469999,0.9218278095469999
974,1.0287761820451324,0.875409959158196,0.9182062874348306,0.9650700000000001,5.66494552867,0.931080600826,0.931080600826
975,1.0486572571501638,0.9400993963918214,0.9655572974707474,0.97409,6.2075339845899995,1.04176008771,1.04176008771
976,1.151333239831483,1.2070410596865209,1.167764748225359,1.082,6.34714453299,1.38756279146,1.38756279146
977,1.5070638354034225,1.7361433962179529,1.6708272237017503,1.4193,5.80386432979,1.96564658107,1.96564658107
978,2.1479958538724375,2.181692635021456,2.347105500594161,1.9832,5.57498991065,2.30384526037,2.30384526037
979,2.542416721365998,2.3055353107663583,2.6296932679099334,2.313,5.52783044,2.1965590177700003,2.1965590177700003
980,2.5390665218055224,2.1630029162972466,2.085970474551212,2.2084,4.78577276057,2.08291413214,2.08291413214
981,2.2318848782705825,1.9423209652813016,1.9961657867062887,2.0975,3.8161892588099997,1.88417816833,1.8803333390299999
982,1.880240709137379,1.5903996195290775,1.696884900900987,1.8999,2.9157766248400003,1.5199837930700002,1.5214095030700001
983,1.3636763769494564,1.2614507522348246,1.1826643129791563,1.5499,2.16384548252,1.20324062599,1.1960820724299999
984,1.0244005843930917,0.909578212334439,0.9109851439314132,1.2326,1.6760095091299998,0.8635227470119999,0.8510670412960001
985,0.6711585458157271,0.7947071211195145,0.5413174365454858,0.89605,1.4140939366299998,0.736080205164,0.718183151768
986,0.6938681176645356,0.743736510827449,0.6230000094239487,0.76644,1.21094456758,0.6902243110349999,0.67030642486
987,0.6979687024014117,0.7299904670581228,0.6534462849404238,0.71975,1.04751345954,0.68652674492,0.661963672106
988,0.7952195566458234,0.7508967160369554,0.680336419125312,0.7116100000000001,0.886769288221,0.695751164799,0.664969712727
989,0.7999391862504861,0.8198741188249086,0.6927394722530652,0.71454,1.08706976884,0.756191450181,0.741858951516
990,0.9296420308022106,1.07697923153259,0.8387712619364032,0.7895399999999999,1.6017465926700003,0.9534287361689999,0.936157387608
991,1.2632336843781493,1.3987947409124233,1.1291665835567721,0.97905,1.91264912515,1.23965951306,1.23027653796
992,1.7611448870363053,1.3273348000543177,1.4956152315078524,1.2659,2.1574452675,1.1507142033700002,1.143345628
993,1.413389754500954,1.1499914445891248,1.0539362572460151,1.1811,2.57013667815,0.9615588183730001,0.951576741937
994,1.1527268805640798,1.1321688159271814,0.778173630393227,0.99408,3.09500635375,0.94649174691,0.94649174691
995,1.205451318167931,1.1451248574811843,0.9685924628391054,0.98913,3.79221439319,0.965411362101,0.965411362101
996,1.2089409888961897,1.0957048744084983,1.0091723474292154,1.0076,4.26895657452,0.949853547191,0.949853547191
997,1.165598674948204,1.0264105314773453,0.9573064671548352,0.9924,5.00879417967,0.9218278095469999,0.9218278095469999
998,1.1259078359881118,0.9950307829455353,0.9182078952919861,0.9650700000000001,5.71859093206,0.931080600826,0.931080600826
999,1.1218707066710396,1.03796875360825,0.9655576451155378,0.97409,5.732571495499999,1.04176008771,1.04176008771
1000,1.212905765416914,1.2857503522378466,1.167764791680958,1.082,5.506184648910001,1.38756279146,1.38756279146
1001,1.5634239311729685,1.8005249413947784,1.6708272237017503,1.4193,4.99383432268,1.96564658107,1.96564658107
1002,2.2203815708078087,2.2507419002093485,2.347105500594161,1.9832,4.737522129519999,2.30384526037,2.30384526037
1003,2.59705330565797,2.3761837387831464,2.6296932679099334,2.313,4.497963836499999,2.1965590177700003,2.1965590177700003
1004,2.612787782863984,2.2413315342876516,2.085970474551212,2.2084,4.066928853359999,2.08291413214,2.08291413214
1005,2.3161328690075975,2.0238104849949354,1.9961657867062887,2.0975,3.18646795861,1.8803333390299999,1.8803333390299999
1006,1.9676531428178574,1.6710372465900027,1.696884900900987,1.8999,2.38992249034,1.5214095030700001,1.49886693864
1007,1.4397793532969105,1.3389180152535367,1.137129956147237,1.5279,1.7598015127700002,1.1960820724299999,1.13910850083
1008,1.0726141114590255,0.9743479903478753,0.8218610344709574,1.177,1.4361260803,0.8510670412960001,0.840732606046
1009,0.6875616067454196,0.8325530109984661,0.58190686844052,0.88597,1.1785756365100002,0.718183151768,0.7144691213779999
1010,0.7190392222693045,0.7757787138948202,0.625775181874847,0.7628199999999999,1.0570392602299998,0.67030642486,0.663844010536
1011,0.741150144230746,0.7747491742897068,0.6439356993664471,0.71344,0.9050691773999999,0.661963672106,0.666043728062
1012,0.805971797938297,0.7746700720312849,0.6948285234648189,0.71559,0.930548050289,0.664969712727,0.671952156522
1013,0.8230922191794033,0.8450113115924944,0.702211791492468,0.72135,1.1940560169499999,0.741858951516,0.750374646798
1014,0.9286087058837313,1.0872379062122064,0.8485998377693273,0.79784,1.74448494365,0.936157387608,0.9996140278460001
1015,1.2678688147449155,1.4181881679134418,1.2287346525745855,1.0409,1.8918486338599998,1.23027653796,1.35208518956
1016,1.7659474231589751,1.336368651843653,1.652356144214247,1.3847,2.0244960018700002,1.143345628,1.25001341865
1017,1.376912299257535,1.1345594848924718,1.1417951393399197,1.2852,2.5775113153,0.951576741937,1.05287501721
1018,1.1346362138717547,1.1188019548259116,0.8757547028810362,1.0929,2.7650361847400005,0.94649174691,1.03658064544
1019,1.1901190337963645,1.128474114570878,1.04887690916801,1.077,3.09828645608,0.965411362101,1.05565730724
1020,1.196106833311449,1.0812725186425582,1.099944930970064,1.0956,3.19925555334,0.949853547191,1.03883842949
1021,1.178189268850102,1.0296119846823788,1.0449964377930145,1.0792,3.5119003056699998,0.9218278095469999,1.01273131667
1022,1.1482645097613864,1.0091289813308262,1.0111580090238368,1.0537,3.5953005058699996,0.931080600826,1.0271005442
1023,1.155058102247929,1.061401859190762,1.0664895051886178,1.0677,3.53885499819,1.04176008771,1.1475808452399998
1024,1.266401365424931,1.3222522155004124,1.2817449897195061,1.1853,3.47590435005,1.38756279146,1.53347320069
1025,1.606974757077916,1.8381661517198782,1.8348423217815037,1.5616,3.26328910389,1.96564658107,2.16863013065
1026,2.263034050214998,2.2860172124389058,2.5627549666449916,2.1811,3.22563815857,2.30384526037,2.50663568453
1027,2.6215243131950547,2.4156504534440555,2.8379295042558614,2.5108,3.3143375102399997,2.1965590177700003,2.31753868817
1028,2.6272764059468763,2.274036787089716,2.1075440395269793,2.3264,2.9664740917900003,2.08291413214,2.19036432826
1029,2.3390577108777326,2.0502113542525326,2.095284414690896,2.2023,2.38236732437,1.8803333390299999,1.98296203803
1030,1.98734809866793,1.6888426379867176,1.7957092686402036,2.0,1.73475347926,1.49886693864,1.5895124840500001
1031,1.458453363476231,1.3525800911329866,1.216369710540388,1.6163,1.21273257409,1.13910850083,1.2226737652600002
1032,1.087559822838554,0.988550630507419,0.8995429322907196,1.2585,0.789973089372,0.840732606046,0.843915989344
1033,0.6881905766136879,0.8408709203612484,0.5047816978215073,0.88908,0.600359550312,0.7144691213779999,0.6926809539319999
1034,0.7201813027711064,0.7806460533578351,0.5801376692402228,0.74157,0.5256395181710001,0.663844010536,0.631989737515
1035,0.7394607040388712,0.7754525998670952,0.6031859131766371,0.68238,0.524323715077,0.666043728062,0.642521896717
1036,0.8064277608792523,0.7759152930475706,0.6797081803136794,0.69265,0.580307782695,0.671952156522,0.678635379172
1037,0.8236616431065849,0.8449476983966115,0.7382380161312982,0.72787,0.78224882808,0.750374646798,0.7478062946549999
1038,0.9440995223222564,1.09463414140906,0.8377695768158102,0.7953399999999999,1.10362008425,0.9996140278460001,1.0325943509
1039,1.2549236138029174,1.4255276689738023,1.2810712291793571,1.0731,1.0990292984899999,1.35208518956,1.3871107604100001
1040,1.7053169908531887,1.3012473924463082,1.6908860614626193,1.4189,1.2125807770200001,1.25001341865,1.29570247386
1041,1.3309906614704288,1.0977792003978144,1.2008791656018063,1.3297,1.5169449056600002,1.05287501721,1.1054112518299999
1042,1.0731875548789775,1.0733940407841065,0.9342790103765809,1.1441,1.86374248181,1.03658064544,1.0959829127
1043,1.11345605940679,1.0616382540177038,1.1143931619010758,1.1349,2.16748516501,1.05565730724,1.11689419312
1044,1.1377242274201211,1.0204340048786338,1.162735702151929,1.1553,2.44472721332,1.03883842949,1.09461735306
1045,1.111570507547592,0.9672643638328401,1.0949442501103328,1.1336,2.7770276664999995,1.01273131667,1.06358402109
1046,1.0763851876826078,0.9401955409021971,1.0572383544003008,1.1033,3.24058424843,1.0271005442,1.07274704491
1047,1.067246887166898,0.9820275143644621,1.1072615913813015,1.1123,3.31761240141,1.1475808452399998,1.19081631342
1048,1.1747655518322544,1.2290777103763146,1.3228866802381591,1.2274,3.5369639926,1.53347320069,1.57537743966
1049,1.5290797179225417,1.7480781921887891,1.8759113875981803,1.6025,3.4518219363599996,2.16863013065,2.20987404909
1050,2.1822556141099665,2.1923652383720453,2.6037168582487844,2.2214,3.40289427283,2.50663568453,2.54666438585
1051,2.548951653237274,2.336522011960054,2.877187520531156,2.5499,3.39720536826,2.31753868817,2.35749090125
1052,2.565351898611685,2.209148920009769,2.147352251616458,2.3653,3.032471865,2.19036432826,2.23102892683
1053,2.2623002580067384,1.9746635358268323,2.136658099994304,2.242,2.3971515761099997,1.98296203803,2.0245033716
1054,1.9289401264160375,1.6139534270172626,1.8381315992924607,2.0406,1.7722219670700001,1.5895124840500001,1.6225212312000001
1055,1.411879982039843,1.2861750530078722,1.2407513697553612,1.6485,1.30471967824,1.2226737652600002,1.24079775143
1056,1.0805398859430375,0.9485212137420695,0.9039654985261001,1.2762,1.04440737521,0.843915989344,0.856230328687
1057,0.699749187268216,0.8282441504430096,0.5129229525562128,0.90109,0.892477049703,0.6926809539319999,0.696293104875
1058,0.7322550961847444,0.779291698035547,0.5756187996362893,0.7450899999999999,0.782658345307,0.631989737515,0.64629548347
1059,0.7677162847253359,0.7878345291663247,0.6283823709359182,0.69633,0.746047916821,0.642521896717,0.640620256753
1060,0.8190508475784273,0.78926238705169,0.661790718678609,0.69079,0.75579083121,0.678635379172,0.64738448497
1061,0.8318933279582171,0.8559743722344658,0.6787945634630804,0.69739,1.01826449733,0.7478062946549999,0.72084909255
1062,0.9497963230095021,1.0992021187324923,0.8147389357071163,0.76904,1.50083631526,1.0325943509,0.9901496782160001
1063,1.3093644495651373,1.4624603860983325,1.2305847502927587,1.0317,1.57108066482,1.3871107604100001,1.3566417956999999
1064,1.6800579280839052,1.3093343198745226,1.6649658984681321,1.3892,1.66962590417,1.29570247386,1.2878569361399999
1065,1.271662421485052,1.0693908166236101,1.2206499216523468,1.3221,2.01941002983,1.1054112518299999,1.1054112518299999
1066,0.9864579798930355,1.0183958337745544,0.9397155556560649,1.1441,2.3272903512900003,1.0959829127,1.0959829127
1067,1.0005628570580143,0.9778434763642592,1.1142758752399164,1.1349,2.5337092232,1.11689419312,1.11689419312
1068,1.0667806157975157,0.9421648132232061,1.1627376141982761,1.1553,2.91325421558,1.09461735306,1.09461735306
1069,1.0601850143455807,0.9041801206513191,1.094944858488716,1.1336,3.20493831041,1.06358402109,1.06358402109
1070,1.0364931056492153,0.8864129392569006,1.0572383544003008,1.1033,3.5746925701699994,1.07274704491,1.07274704491
1071,1.0511297032805484,0.9475447278486366,1.1072615913813015,1.1123,3.79662164074,1.19081631342,1.19081631342
1072,1.1503998158576083,1.1962736899714181,1.3228866802381591,1.2274,3.7995629744699997,1.57537743966,1.57537743966
1073,1.506287260083223,1.7140863724007833,1.8759113875981803,1.6025,3.65834355835,2.20987404909,2.20987404909
1074,2.1475517175838688,2.152391948045004,2.6037168582487844,2.2214,3.6717844982199996,2.54666438585,2.54666438585
1075,2.542367877223951,2.318269987905046,2.877187520531156,2.5499,3.70668937857,2.35749090125,2.35749090125
1076,2.539104033658857,2.1913269060932343,2.147352251616458,2.3653,3.34373417828,2.23102892683,2.23102892683
1077,2.231931366448409,1.9505276054025804,2.136658099994304,2.242,2.61447192928,2.0245033716,2.0245033716
1078,1.8738475163511676,1.568729471649681,1.8381315992924607,2.0406,1.9456427467,1.6225212312000001,1.6225212312000001
1079,1.345454801791309,1.2260782601886842,1.2407513697553612,1.6485,1.31963415568,1.24079775143,1.24079775143
1080,0.9850254557084966,0.8649503286567455,0.9039654985261001,1.2762,1.01998067639,0.856230328687,0.852298056838
1081,0.5952515534051903,0.730502825051652,0.5051299983986863,0.89725,0.790992529847,0.696293104875,0.716712900274
1082,0.6269346957600185,0.6776132375254581,0.6184968830507495,0.7650100000000001,0.533160143799,0.64629548347,0.667792701241
1083,0.684270972418392,0.6897008772806085,0.6499748433794863,0.7173,0.524323715077,0.640620256753,0.6505681057079999
1084,0.7726640606327402,0.716045116862519,0.6601526966153354,0.7005,0.580307782695,0.64738448497,0.659462482908
1085,0.7836118494086468,0.7941913657090006,0.6933863808804217,0.70917,0.78224882808,0.72084909255,0.7535199444159999
1086,0.9345491120550609,1.0595261364835729,0.8654791904766447,0.80091,1.27228187577,0.9901496782160001,1.00709659427
1087,1.2685224723517001,1.4138794439207385,1.2401671591070458,1.0482,1.3863839032700003,1.3566417956999999,1.3645403575100001
1088,1.6369734012946964,1.26547417722182,1.6678403846785514,1.3969,1.62009500053,1.2878569361399999,1.26306807967
1089,1.2383309099974276,1.034430620707538,1.15561270685244,1.2979,2.20674821784,1.1054112518299999,1.05287501721
1090,0.9746107189981195,0.9963268042290783,0.8613338755082948,1.0929,2.4645945349700003,1.0959829127,1.03658064544
1091,1.0178879295133332,0.983774101276757,1.0484347267224277,1.077,3.0111081745,1.11689419312,1.05565730724
1092,1.070699808476022,0.9460725427766618,1.09994580008204,1.0956,3.2916197569,1.09461735306,1.03883842949
1093,1.063066711626793,0.9066836633033206,1.0450030647718314,1.0792,3.60376948453,1.06358402109,1.01273131667
1094,1.0356985524374842,0.8899811345119145,1.0111581828462322,1.0537,4.064836920249999,1.07274704491,1.0271005442
1095,1.0507584797541367,0.9484011188432068,1.066489461733019,1.0677,4.23263235317,1.19081631342,1.1475808452399998
1096,1.150009904478926,1.1953415945253845,1.2817449462639072,1.1853,4.3286066857,1.57537743966,1.53347320069
1097,1.5062592669909876,1.7085645579857203,1.8348423217815037,1.5616,3.8891649441300005,2.20987404909,2.16863013065
1098,2.1475588383023934,2.1482369474214327,2.5627549666449916,2.1811,3.8973678675300003,2.54666438585,2.50663568453
1099,2.5424041248278595,2.3159903837860547,2.8379295042558614,2.5108,3.92611007262,2.35749090125,2.31753868817
1100,2.5391146041596553,2.1948896385605217,2.1075440395269793,2.3264,3.51295733909,2.23102892683,2.19036432826
1101,2.231934919087278,1.953305083961203,2.095284414690896,2.2023,2.8377640484599995,2.0245033716,1.98296203803
1102,1.87384546823021,1.567132888303079,1.7957092686402036,2.0,2.1342990566599997,1.6225212312000001,1.59489754118
1103,1.3454535865579529,1.2210683423751676,1.227149215338535,1.6215,1.50477812871,1.24079775143,1.24479944405
1104,0.9850247576113663,0.8599717748012858,0.9376148820659116,1.2801,1.16314786423,0.852298056838,0.909040064393
1105,0.5952515310340999,0.7276376967332258,0.611252547507364,0.9526,0.926955261855,0.716712900274,0.784144820714
1106,0.62000592561048,0.6759263454238954,0.6967585253621159,0.83078,0.745940545807,0.667792701241,0.7365107310510001
1107,0.6388397307745793,0.6641729814507593,0.7195409092000544,0.78432,0.6229090969259999,0.6505681057079999,0.7446268168610001
1108,0.7342138639161685,0.6793863692986095,0.7790519317099727,0.7922399999999999,0.6381973456059999,0.659462482908,0.7557873522059999
1109,0.7598637901029015,0.7685436399045704,0.7910442506715897,0.80312,0.794645258934,0.7535199444159999,0.835160736253
1110,0.879372156980254,1.0139787447113089,0.9342386564395657,0.88054,1.4188144767500002,1.00709659427,1.08617446218
1111,1.2355044416514893,1.3675345564754602,1.316437708423414,1.1254,1.6558444484600001,1.3645403575100001,1.4046693633899998
1112,1.6450474112225986,1.2523713383271313,1.6878890798205857,1.436,2.03990093366,1.26306807967,1.30351314418
1113,1.2523369534070943,1.0392685004708948,1.1966040299671465,1.3373,2.76504388315,1.05287501721,1.06268976051
1114,0.9781202108602978,1.0015513390331547,0.8373922553415091,1.1025,3.2541207825700003,1.03658064544,1.03658064544
1115,1.0188486875932095,0.9895932382773985,1.0385276975803666,1.077,3.6254289480199997,1.05565730724,1.05565730724
1116,1.0697905315864857,0.9502820735059886,1.1002351274588456,1.0956,4.3103988191000004,1.03883842949,1.03883842949
1117,1.0626032457369632,0.909456572493847,1.045042348633146,1.0792,4.59501382456,1.01273131667,1.01273131667
1118,1.0354619166971681,0.8934237582830615,1.0111575527400496,1.0537,4.88664800985,1.0271005442,1.0271005442
1119,1.05076806543848,0.9496658623814473,1.0664890706326298,1.0677,5.12101895966,1.1475808452399998,1.1475808452399998
1120,1.1500419557005335,1.1947563683926574,1.2817449028083086,1.1853,5.17687477871,1.53347320069,1.53347320069
1121,1.5062885283780523,1.7038222048783949,1.8348423217815037,1.5616,4.53433382793,2.16863013065,2.16863013065
1122,2.147565831762339,2.1439892069320057,2.5627550535561894,2.1811,4.3490082445,2.50663568453,2.50663568453
1123,2.542404221680819,2.313400021292784,2.83792954771146,2.5108,4.11065819492,2.31753868817,2.31753868817
1124,2.539112286832283,2.1974808297182475,2.10754400693528,2.3264,3.768249855,2.19036432826,2.19036432826
1125,2.2319337892753635,1.9560531487196835,2.095284414690896,2.2023,3.08813556121,1.98296203803,1.98296203803
1126,1.873845094885076,1.566222302025701,1.7957092686402036,2.0,2.3857740429299996,1.59489754118,1.6079865253999999
1127,1.34545366180346,1.2167056874357782,1.253459044026033,1.6343,1.73185624793,1.24479944405,1.27297173044
1128,0.9850248578537691,0.8550904681431004,0.9795903939946178,1.3076,1.36658172838,0.909040064393,0.905186804234
1129,0.5952515909045241,0.7237751557472061,0.5734452009070417,0.94884,1.17474745083,0.784144820714,0.7813680789599999
1130,0.6200059366592653,0.6734984571667337,0.6941153878466242,0.8280700000000001,1.01650879267,0.7365107310510001,0.724600350907
1131,0.6365159469955975,0.6653906950358606,0.6984015810776574,0.7727,0.938314228664,0.7446268168610001,0.718858311493
1132,0.6994315514741558,0.6603668623919652,0.7400972159867177,0.7671,1.00005218701,0.7557873522059999,0.724086559953
1133,0.7129227967358187,0.7320550703708961,0.7540057637624744,0.7722,1.20175668985,0.835160736253,0.794581458157
1134,0.8457955211506503,0.9810173621285596,0.885816772605863,0.84096,1.80132543227,1.08617446218,1.06301295794
1135,1.173660912586075,1.3176599718427393,1.302673303601365,1.1028,2.28921920694,1.4046693633899998,1.40004436061
1136,1.6122988668168663,1.2089845288453855,1.694053667666461,1.4315,2.55560975481,1.30351314418,1.29310478154
1137,1.252461756772992,1.0207657230402882,1.1791013452729682,1.3272,3.3491183438800003,1.06268976051,1.05587671631
1138,0.9930256754620477,1.0030294561159654,0.8354658366820878,1.0958,3.92525064136,1.03658064544,1.03658064544
1139,1.02352068254036,0.9947269510804883,1.0447077355636074,1.077,4.69971393801,1.05565730724,1.05565730724
1140,1.0715804114608347,0.9546375277206463,1.1000201526115854,1.0956,5.0026360724400005,1.03883842949,1.03883842949
1141,1.0618477543826985,0.9124793572144997,1.0450247056600335,1.0792,5.5383564742299995,1.01273131667,1.01273131667
1142,1.0349682437332914,0.8968000916778148,1.0111584653076242,1.0537,5.84724143853,1.0271005442,1.0271005442
1143,1.0504564286797038,0.9512640148443998,1.0664892879106238,1.0677,5.855966991619999,1.1475808452399998,1.1475808452399998
1144,1.1500198845643848,1.1945158862487222,1.2817449028083086,1.1853,6.1070335882,1.53347320069,1.53347320069
1145,1.5063126264840014,1.6997906735021306,1.834842278325905,1.5616,5.161441530019999,2.16863013065,2.16863013065
1146,2.147598663020749,2.1397756047236043,2.5627549666449916,2.1811,5.17212497023,2.50663568453,2.50663568453
1147,2.5424144680362883,2.3105533577918607,2.8379295042558614,2.5108,4.7635795724,2.31753868817,2.31753868817
1148,2.5391140014046147,2.1992134122456597,2.1075440395269793,2.3264,4.3927200765,2.19036432826,2.19036432826
1149,2.231931657539292,1.958640874178522,2.095284414690896,2.2023,3.73712201415,1.98296203803,1.98296203803
1150,1.8738437905296552,1.5658640807593043,1.7957092686402036,2.0,2.886553601,1.6079865253999999,1.5895124840500001
1151,1.3454531116394868,1.2129753114973876,1.216369710540388,1.6163,2.1759121402900004,1.27297173044,1.24178378043
1152,0.9850248692216822,0.8503908873880406,0.9373730219089693,1.2771,1.8670944526900002,0.905186804234,0.8905607954829999
1153,0.607607459792206,0.7262388058671275,0.5768309946633615,0.9345700000000001,1.5526377586500002,0.7813680789599999,0.775798920465
1154,0.6229543204051404,0.6754929504271114,0.6974714009666149,0.8226399999999999,1.4260445117200002,0.724600350907,0.71057242359
1155,0.6392052117000607,0.6672475889552687,0.6752858061115615,0.75902,1.2924752549,0.718858311493,0.7098983466159999
1156,0.7184821133749373,0.6723199520883814,0.7362923887952773,0.75836,1.35207655997,0.724086559953,0.72460336533
1157,0.7444319136718004,0.7558202267758674,0.7637547980155809,0.77271,1.5451933831600002,0.794581458157,0.812018691095
1158,0.8860132288158018,1.0108511068928188,0.9182430583265039,0.8579700000000001,2.16222065589,1.06301295794,1.07260477834
1159,1.244100094819364,1.3727358578459619,1.3092754657151713,1.1121,2.61754406877,1.40004436061,1.42100255727
1160,1.6738947314199006,1.2701967816617923,1.7204143947359851,1.4519,3.0069103332599996,1.29310478154,1.31074548561
1161,1.3073611418449578,1.078779603264473,1.192570941964419,1.3444,4.20878364542,1.05587671631,1.07903276639
1162,1.039304541637807,1.0576753123179403,0.8652045408682039,1.1184,4.75219584956,1.03658064544,1.0433621432
1163,1.0831860565319678,1.057701332631612,1.0374747375274387,1.0836,5.11668532988,1.05565730724,1.05565730724
1164,1.1304311999694823,1.019816505940009,1.0940189778730025,1.0956,5.9614752283,1.03883842949,1.03883842949
1165,1.1122326945427077,0.9722880028665275,1.0454357087134771,1.0792,6.21524492888,1.01273131667,1.01273131667
1166,1.079545552819074,0.9519101202045587,1.0111800627402274,1.0537,6.368962010110001,1.0271005442,1.0271005442
1167,1.0890606781436978,0.9997505693965829,1.066487549686672,1.0677,6.382303798810001,1.1475808452399998,1.1475808452399998
1168,1.1882865065167043,1.238377962058911,1.281744381341123,1.1853,6.47947045385,1.53347320069,1.53347320069
1169,1.5443055760697948,1.738609070814254,1.8348422348703062,1.5616,5.60814428842,2.16863013065,2.16863013065
1170,2.1860074788918555,2.177088249546865,2.5627549666449916,2.1811,5.54719968171,2.50663568453,2.50663568453
1171,2.5794516671794967,2.347756017769493,2.8379295042558614,2.5108,4.93511131016,2.31753868817,2.31753868817
1172,2.576845762706691,2.240190502227317,2.1075440395269793,2.3264,4.56457587589,2.19036432826,2.19036432826
1173,2.270798569398928,2.001533950726227,2.095284414690896,2.2023,3.9204533315400005,1.98296203803,1.98787456711
1174,1.913864412225724,1.6073171874172398,1.8060670667111467,2.0048,3.18482228173,1.5895124840500001,1.61393966216
1175,1.3712266126945953,1.244176009358417,1.2596610944559552,1.6401,2.35945432805,1.24178378043,1.26817873445
1176,0.9917269769422771,0.867833017444205,0.9640846911969181,1.3029,2.02018585128,0.8905607954829999,0.881113497414
1177,0.593120445970846,0.7241252656186663,0.5314520001711821,0.9253600000000001,1.83733231195,0.775798920465,0.750113212723
1178,0.6240073758536958,0.6750248510758832,0.6557431898158816,0.7975899999999999,1.6196707449599999,0.71057242359,0.6826399211499999
1179,0.6678628179177131,0.6847604704505232,0.6459734797706871,0.73178,1.5401630478600001,0.7098983466159999,0.676125717735
1180,0.7487902479571767,0.6969988361596673,0.6969980742528458,0.72542,1.5605344357,0.72460336533,0.689557770169
1181,0.7817552801399159,0.7870374436919935,0.7276603585219612,0.73852,1.7946960315400002,0.812018691095,0.7711721775110001
1182,0.9447631364576221,1.0572439542733727,0.8723373570190932,0.81813,2.2275107261500002,1.07260477834,1.01742931969
1183,1.2505778881359597,1.398848204283027,1.245005706259654,1.0583,2.41181651724,1.42100255727,1.36526793998
1184,1.6649918629200868,1.278495271285145,1.663128542935647,1.3976,2.8269352822500005,1.31074548561,1.26745757161
1185,1.2839802035133856,1.0726556155619476,1.1644310413274677,1.3022,3.42202244055,1.07903276639,1.05287501721
1186,1.0421695424077204,1.0595690007490994,0.8559546047080282,1.0929,3.661918435969999,1.0433621432,1.03658064544
1187,1.0824599615823314,1.0612981089464786,1.0482003054947049,1.077,4.1805209657699995,1.05565730724,1.05565730724
1188,1.13261576434528,1.0228422911747148,1.0999446267808723,1.0956,4.38770140044,1.03883842949,1.03883842949
1189,1.1123818139229282,0.9753813845230833,1.0450062153027444,1.0792,4.84973643214,1.01273131667,1.01273131667
1190,1.0797653600848485,0.9551616317601155,1.011158334940828,1.0537,5.16021966845,1.0271005442,1.0271005442
1191,1.088911394659975,1.0022749008918774,1.066489461733019,1.0677,5.383501518559999,1.1475808452399998,1.1475808452399998
1192,1.1882536266472215,1.2390940162035897,1.2817449462639072,1.1853,5.24069674332,1.53347320069,1.53347320069
1193,1.5442699680527427,1.736019267357307,1.8348423217815037,1.5616,4.75026884292,2.16863013065,2.16863013065
1194,2.186012124090309,2.1731769106206187,2.5627549666449916,2.1811,4.557171487180001,2.50663568453,2.50663568453
1195,2.579453726130163,2.344746536560197,2.8379295042558614,2.5108,4.51316616889,2.31753868817,2.31753868817
1196,2.5768497661568297,2.240690857136193,2.1075440395269793,2.3264,3.9593408018900003,2.19036432826,2.19036432826
1197,2.2707990868612367,2.0036279990088532,2.095284414690896,2.2023,3.33689096698,1.98787456711,1.98296203803
1198,1.9138645503674239,1.606226279785389,1.7957092686402036,2.0,2.65252091514,1.61393966216,1.59003796945
1199,1.3712262973785787,1.24013096754636,1.217420443763075,1.6168,1.90960479875,1.26817873445,1.2584060503399999
1200,0.9917268705642345,0.8637584499727557,0.9697966383821657,1.2934,1.63898571697,0.881113497414,0.914934075979
1201,0.5807646178942432,0.7156768382229959,0.6072459939716242,0.95835,1.3827940114500001,0.750113212723,0.7898955696879999
1202,0.6213185380160087,0.6699856044385328,0.7021154579719973,0.83639,1.12372554853,0.6826399211499999,0.732352614892
1203,0.6656301756618048,0.68036456538963,0.7054553614953569,0.7802600000000001,1.05794543547,0.676125717735,0.7488913316150001
1204,0.7553489493464219,0.698624167408398,0.7916006045410751,0.7964,1.03547532061,0.689557770169,0.748195870329
1205,0.7801090410650623,0.7892422369046365,0.7711967689872326,0.79572,1.17833525265,0.7711721775110001,0.837962936614
1206,0.922165198557884,1.0391706119530988,0.9458370521983201,0.8832700000000001,1.82629596712,1.01742931969,1.09768894118
1207,1.2324922127070133,1.3821083719281961,1.3340291921819016,1.1366,2.02378559059,1.36526793998,1.47443441305
1208,1.658345002903393,1.269386757449311,1.7869262553877745,1.5041,2.4934172652,1.26745757161,1.38315969523
1209,1.2365428367156477,1.0468633026036365,1.2884257316829377,1.415,3.25465434508,1.05287501721,1.14772703564
1210,1.0011832532351463,1.0244073644977103,0.926766290592681,1.1854,3.85979639385,1.03658064544,1.11045538137
1211,1.0269086073350562,1.018254408643936,1.1026873260204024,1.149,4.42067441914,1.05565730724,1.11689419312
1212,1.0651270372330965,0.9670260432151183,1.1496311883224168,1.1553,4.68388421591,1.03883842949,1.09461735306
1213,1.0609790824225869,0.9222015205981418,1.0958824564884093,1.1336,4.9938327643800005,1.01273131667,1.06358402109
1214,1.0341137529307503,0.9066795960958037,1.0572850908968094,1.1033,5.17268957996,1.0271005442,1.07274704491
1215,1.0508308581329218,0.958306436967024,1.1072574630994156,1.1123,5.436689436669999,1.1475808452399998,1.19081631342
1216,1.150131620197754,1.1963458048088687,1.3228855503925903,1.2274,5.43914702064,1.53347320069,1.57537743966
1217,1.5064362832904912,1.6918008824617639,1.8759111703201863,1.6025,4.75963609288,2.16863013065,2.20987404909
1218,2.147595805574998,2.128169580486589,2.603716771337587,2.2214,4.9185549791900005,2.50663568453,2.54666438585
1219,2.5424103175583204,2.301397435988048,2.8771874770755574,2.5499,4.75332529371,2.31753868817,2.35874211733
1220,2.539101460432403,2.2006236449017496,2.150115874629269,2.3666,4.25408892243,2.19036432826,2.25485713585
1221,2.231929074944489,1.9648211336772046,2.182665829363467,2.2652,3.2951464979000002,1.98296203803,2.0691608174400002
1222,1.8738429428681134,1.5641980452998865,1.9031063518423783,2.0841,2.50628084306,1.59003796945,1.6971215533300001
1223,1.3454539594530417,1.2022917398174429,1.3422901217702314,1.7213,1.8910650401499998,1.2584060503399999,1.34229772324
1224,0.9850252397995533,0.8378793745888118,1.0291785387668897,1.3752,1.4062741826499998,0.914934075979,0.966880494381
1225,0.5952518875669078,0.7114438456351773,0.6298434352399591,1.0090000000000001,1.18051854468,0.7898955696879999,0.831460998284
1226,0.6590477750799244,0.6870520089396346,0.7335497351751289,0.8769299999999999,1.04387881453,0.732352614892,0.788621937327
1227,0.6788069513794809,0.6947223489998942,0.7768128154782603,0.83515,0.871185180567,0.7488913316150001,0.774223902202
1228,0.75962654490922,0.7061205098252658,0.7863634650407396,0.8211,0.926340308532,0.748195870329,0.782390922212
1229,0.78706115437526,0.7979327641799987,0.8154765182279846,0.8290700000000001,1.07400475442,0.837962936614,0.868023697863
1230,0.9010912741058678,1.0299942237119248,0.9726880090976096,0.91259,1.56185908088,1.09768894118,1.12158342436
1231,1.2185539716768354,1.3716106481107846,1.3539361027048813,1.1599,1.79437136042,1.47443441305,1.4770545509
1232,1.623251065146543,1.243274236617965,1.7792530655501868,1.5066,2.01087824037,1.38315969523,1.40687133134
1233,1.2298267997887162,1.0369409806522145,1.3376844363154525,1.4382,2.57041229587,1.14772703564,1.1910651294299999
1234,0.9874683137656164,1.01288813067679,0.988450555994962,1.2277,2.94128871617,1.11045538137,1.1720428897
1235,1.0200860430923924,1.009135402695808,1.1807343376852137,1.2091,3.36122357389,1.11689419312,1.15031724481
1236,1.072663231434138,0.9710127314149641,1.1540561016556576,1.1879,3.97017762196,1.09461735306,1.09461735306
1237,1.0624010928093723,0.9257975035698505,1.062505623357637,1.1336,4.3226008259699995,1.06358402109,1.06358402109
1238,1.0354636509287567,0.9100657676814952,1.0591976152555649,1.1033,4.69428092097,1.07274704491,1.07274704491
1239,1.0504896960569594,0.960634868601256,1.1074363697996723,1.1123,4.47152109893,1.19081631342,1.19081631342
1240,1.1500027507512962,1.1973339675081929,1.3228925901995958,1.2274,4.37678585298,1.57537743966,1.57537743966
1241,1.5062647556078976,1.6901124148238313,1.8759104750306055,1.6025,4.195861182180001,2.20987404909,2.20987404909
1242,2.147584619403927,2.124925667925627,2.6037164236927968,2.2214,3.9317558647800004,2.54666438585,2.54666438585
1243,2.5424104786101833,2.298101190672403,2.877187346708761,2.5499,3.8315450437900003,2.35874211733,2.35749090125
1244,2.5391168483264455,2.199893861802379,2.1473522081608594,2.3653,3.4262377515400004,2.25485713585,2.23102892683
1245,2.231933338815845,1.9661318798622323,2.136658099994304,2.242,2.7015108408099997,2.0691608174400002,2.0245033716
1246,1.8738446708825292,1.565342233887625,1.8381315992924607,2.0406,2.05596856252,1.6971215533300001,1.6314631218900002
1247,1.3454531235008946,1.2007548534706296,1.258594031741626,1.6572,1.3871581394999999,1.34229772324,1.27064210425
1248,0.9850247639051791,0.8339677889170463,0.9533648056223817,1.3053,1.11742844088,0.966880494381,0.875613932491
1249,0.5952515809455682,0.7106294022890515,0.519748518413401,0.91999,0.893709987519,0.831460998284,0.744074059673
1250,0.6200059795051774,0.6618597840648585,0.6490577216449398,0.7917,0.702271533009,0.788621937327,0.684000098079
1251,0.6365159641398409,0.6599676066325726,0.6548351577146149,0.7331,0.573766000807,0.774223902202,0.68311846272
1252,0.6994315583557018,0.6594262117948407,0.709237387503279,0.73224,0.583857961505,0.782390922212,0.693323162114
1253,0.7292100897309882,0.741297241825921,0.7280130084708579,0.7422,0.78224882808,0.868023697863,0.7651413095659999
1254,0.8704239231085851,0.9861876687453454,0.8575534450859464,0.81224,1.19126751721,1.12158342436,1.0092102238
1255,1.2065396834448963,1.3423879746202942,1.2346187843679528,1.0503,1.19052555514,1.4770545509,1.35772002559
1256,1.5960638887757779,1.2145212946341222,1.6555332184873568,1.3902,1.33843901722,1.40687133134,1.2706001311
1257,1.251103366624569,1.0357566567080423,1.1806467397046467,1.3052,1.72120380096,1.1910651294299999,1.05409970792
1258,0.9887804798056155,1.0149432175528825,0.853412955214495,1.0941,2.18922227024,1.1720428897,1.03658064544
1259,1.0240708972380288,1.013064630817609,1.0468626117968665,1.077,2.35623208071,1.15031724481,1.05565730724
1260,1.0715865774388993,0.9749903469709079,1.099985170854552,1.0956,2.79359197179,1.09461735306,1.03883842949
1261,1.0622748782798617,0.9294537443180174,1.0450123208143758,1.0792,2.96119649227,1.06358402109,1.01273131667
1262,1.0350065339193764,0.9134945817665252,1.011158291485229,1.0537,3.1997786320599997,1.07274704491,1.0271005442
1263,1.0504875173501198,0.9631370448329828,1.0664893748218214,1.0677,3.3793810137199998,1.19081631342,1.1475808452399998
1264,1.1499887206189416,1.1985611849757913,1.2817449462639072,1.1853,3.32889339565,1.57537743966,1.53347320069
1265,1.5063042757902656,1.6888843185183515,1.8348423217815037,1.5616,3.23673183912,2.20987404909,2.16863013065
1266,2.1475922972180967,2.122000042141847,2.5627549666449916,2.1811,3.1941765738599996,2.54666438585,2.50663568453
1267,2.542415578300081,2.29486346423021,2.8379295042558614,2.5108,3.27869588463,2.35749090125,2.31753868817
1268,2.539114658193345,2.1987680876488787,2.1075440395269793,2.3264,2.9385947767799996,2.23102892683,2.19036432826
1269,2.231932449043577,1.9670579123095977,2.095284414690896,2.2023,2.3218283788,2.0245033716,1.98296203803
1270,1.8738438888025355,1.566451976768989,1.7957092686402036,2.0,1.78246542868,1.6314631218900002,1.6078599325299998
1271,1.3454531148525843,1.1996358559493179,1.253203887766985,1.6342,1.21060232978,1.27064210425,1.27785114496
1272,0.9850248016264823,0.8304971382164049,0.9894553824536626,1.3123,0.927227565908,0.875613932491,0.91040724091
1273,0.59525166117694,0.705569224121581,0.578398059733435,0.95393,0.787384577624,0.744074059673,0.777116732695
1274,0.6200059991541359,0.6585505663612882,0.6811414599682359,0.8239299999999999,0.581335140823,0.684000098079,0.717961270856
1275,0.6365159691755865,0.6574402371770542,0.689845087913037,0.76623,0.527440063273,0.68311846272,0.71446928536
1276,0.6994315530241817,0.660155556965085,0.7380219832117859,0.7628199999999999,0.585087257362,0.693323162114,0.720106394331
1277,0.712922792468453,0.7337397365311574,0.7503520365986547,0.76832,0.794645258934,0.7651413095659999,0.816513455951
1278,0.856775712590094,0.9743732111151053,0.9303203037057941,0.86235,1.1530055327700002,1.0092102238,1.08093599536
1279,1.220331384517715,1.3399525731727382,1.3206344950371105,1.1203,1.31383406464,1.35772002559,1.41507752157
1280,1.6043259585303014,1.224572325091272,1.707870940972057,1.4462,1.42924131667,1.2706001311,1.30285963219
1281,1.249617716405329,1.0363463360903944,1.1823443527150952,1.3367,1.7976033750099998,1.05409970792,1.0574458030399998
1282,0.9882180632870314,1.0167669242983843,0.8289198076143145,1.0973,2.1235788386700003,1.03658064544,1.03658064544
1283,1.0231017021963122,1.016661408195784,1.0430204850290274,1.077,2.42235499733,1.05565730724,1.05565730724
1284,1.0714913887780289,0.9789078301829934,1.1000580893493372,1.0956,2.72836022495,1.03883842949,1.03883842949
1285,1.0622536744357416,0.9331512338762769,1.045032288662024,1.0792,2.93265035788,1.01273131667,1.01273131667
1286,1.0350870913712376,0.9169658182946965,1.0111584653076242,1.0537,3.21336031499,1.0271005442,1.0271005442
1287,1.050512028658698,0.9657922305852007,1.0664892444550251,1.0677,3.32648937506,1.1475808452399998,1.1475808452399998
1288,1.1500002773623166,1.2000138711199086,1.2817449028083086,1.1853,3.42273911023,1.53347320069,1.53347320069
1289,1.5063005450018676,1.6880795036522815,1.834842278325905,1.5616,3.2754782352599996,2.16863013065,2.16863013065
1290,2.147589875852111,2.11940928123981,2.5627549666449916,2.1811,3.23356703196,2.50663568453,2.50663568453
1291,2.5424137896983847,2.2917278902417255,2.8379295042558614,2.5108,3.30858916268,2.31753868817,2.31753868817
1292,2.5391144979814473,2.197324976679328,2.1075440395269793,2.3264,3.02738727809,2.19036432826,2.19036432826
1293,2.231932541978833,1.9676098694806077,2.095284414690896,2.2023,2.46058275204,1.98296203803,1.98296203803
1294,1.873844065900788,1.5674736482224028,1.7957092686402036,2.0,1.9156686939900003,1.6078599325299998,1.5895124840500001
1295,1.3454531719029783,1.1988548587924366,1.216369710540388,1.6163,1.3735555311200003,1.27785114496,1.24848635968
1296,0.9850248146976562,0.8274511696542521,0.9506650126106988,1.2837,1.15390750625,0.91040724091,0.8810518832299999
1297,0.5952516505747186,0.7008270790496872,0.550235645151673,0.9253,1.01516706829,0.777116732695,0.759813009504
1298,0.6200059923515263,0.6550150969679827,0.6749837284966635,0.80705,0.960912023825,0.717961270856,0.709245411414
1299,0.6365159659503331,0.6547536940471479,0.6891464388047153,0.75773,0.9362192155660001,0.71446928536,0.708140494621
1300,0.7309994220936523,0.6752498000621474,0.7336949311758764,0.75665,0.964152821858,0.720106394331,0.7334226518170001
1301,0.7354977088458801,0.7557232254887876,0.7828461189467567,0.7813100000000001,1.3008535929,0.816513455951,0.7965849189759999
1302,0.885038722555864,1.001324315930792,0.881130113622916,0.84291,2.0432167729099997,1.08093599536,1.09188137707
1303,1.2500237303592954,1.3626130492121675,1.345297071064094,1.1309,2.25531362513,1.41507752157,1.4367265770200002
1304,1.6227804253213587,1.2496573672682552,1.7363871977891112,1.4673,2.60123617688,1.30285963219,1.34891045875
1305,1.2341702854663041,1.0408037043350566,1.2585420012027153,1.3816,3.30326905327,1.0574458030399998,1.12965224975
1306,0.985374340960053,1.0190064723332273,0.9259800974069837,1.1678,4.07358960126,1.03658064544,1.0873544425
1307,1.0199333009264928,1.0200438862039594,1.0755354345025334,1.1265,4.61315713178,1.05565730724,1.05565730724
1308,1.072110805575086,0.9827408388891986,1.0504786406560556,1.0956,5.10938270858,1.03883842949,1.03883842949
1309,1.0624722837164007,0.9368701211947382,1.0477334669555882,1.0792,5.45648179664,1.01273131667,1.01273131667
1310,1.035462130657376,0.9204761575792293,1.0113400227994076,1.0537,5.912433582389999,1.0271005442,1.0271005442
1311,1.0505447699171022,0.9685824405793633,1.0664809878912531,1.0677,6.01624393928,1.1475808452399998,1.1475808452399998
1312,1.1500075367688825,1.2016777452403489,1.2817416870939973,1.1853,5.96370580814,1.53347320069,1.53347320069
1313,1.506268948274782,1.6876644817840818,1.8348416264919232,1.5616,5.5225666888900005,2.16863013065,2.16863013065
1314,2.1475806311453347,2.1171620580799586,2.5627548797337942,2.1811,5.3937157187,2.50663568453,2.50663568453
1315,2.5424094324147264,2.288732582173552,2.8379294608002623,2.5108,5.23315146909,2.31753868817,2.31753868817
1316,2.5391160184167476,2.1956367819573632,2.1075440177991798,2.3264,4.50190220757,2.19036432826,2.19036432826
1317,2.2319334789690646,1.9678081184579903,2.095284414690896,2.2023,3.8917896696900005,1.98296203803,1.98481107183
1318,1.8738447515927188,1.5683653056006532,1.7996082225384629,2.0019,2.8216596092799997,1.5895124840500001,1.6048028830599999
1319,1.3454532254084763,1.198337964983208,1.244869177550611,1.6312,2.1611333688900003,1.24848635968,1.26902709421
1320,0.9850247766048282,0.824804528684666,0.9753264460246406,1.3037,1.74856620558,0.8810518832299999,0.9022293554299999
1321,0.6076073572543534,0.7028741583265786,0.5715277206296063,0.94595,1.45996163195,0.759813009504,0.731857796116
1322,0.6439221260827958,0.6671987375146029,0.6010993367145222,0.77978,1.26654487964,0.709245411414,0.661682834317
1323,0.6717069946652275,0.681028400589799,0.6242837098141318,0.71134,1.11778395516,0.708140494621,0.668547840336
1324,0.7653277018689852,0.7024211131510397,0.7025341405482974,0.7180300000000001,1.11624344308,0.7334226518170001,0.669436201515
1325,0.7914499659745245,0.8007316106300378,0.6945153207302097,0.7189,1.3956495763999999,0.7965849189759999,0.742183007996
1326,0.91327256602116,1.0415370792765148,0.8353170279232003,0.78985,2.02889811639,1.09188137707,0.988173859803
1327,1.2808964430391963,1.3912460168461702,1.2148418505353535,1.0298,2.32616269626,1.4367265770200002,1.37450840761
1328,1.7239559158572628,1.3182139592437156,1.6895697795047764,1.4066,2.72233400694,1.34891045875,1.2873498457700001
1329,1.3897916223202942,1.1620394977161608,1.1976440861044046,1.3216,3.44970241336,1.12965224975,1.0615208678499999
1330,1.1485914826958372,1.163997337494322,0.8505131714238705,1.1013,3.8725784170199997,1.0873544425,1.04785977378
1331,1.1877689334617823,1.180686762470806,1.0610404458547729,1.088,4.41683090376,1.05565730724,1.05565730724
1332,1.2148476279116056,1.1402831637449784,1.0888269463840623,1.0956,4.92149868038,1.03883842949,1.03883842949
1333,1.1691021265346715,1.0739008451475132,1.04563538718996,1.0792,5.23597122357,1.01273131667,1.01273131667
1334,1.1059863084300483,1.0290867143090636,1.0112005737828609,1.0537,5.74614231708,1.0271005442,1.0271005442
1335,1.0883028104403476,1.045620056806737,1.066487506231073,1.0677,6.1218469072,1.1475808452399998,1.1475808452399998
1336,1.2000959867226162,1.26842706439241,1.2817441206075302,1.1853,6.063310484980001,1.53347320069,1.53347320069
1337,1.5514691369423956,1.7453750268896073,1.8348421479591086,1.5616,5.627874557109999,2.16863013065,2.16863013065
1338,2.2123532013144325,2.1777343089914822,2.5627549666449916,2.1811,5.61287769072,2.50663568453,2.50663568453
1339,2.591319425217614,2.343096043460067,2.8379295042558614,2.5108,5.04623011729,2.31753868817,2.31753868817
1340,2.600188474383612,2.253626109198842,2.1075440395269793,2.3264,4.55455301854,2.19036432826,2.19036432826
1341,2.3129264020591145,2.040804548845494,2.095284414690896,2.2023,3.7045970895599996,1.98481107183,2.00146982851
1342,1.964767135011051,1.653334245361418,1.8347104696442547,2.0181,2.85222838314,1.6048028830599999,1.63052267801
1343,1.451061300123318,1.2950225781081883,1.2770312650226057,1.6563,2.1346926661700003,1.26902709421,1.28223150276
1344,1.0984588041801935,0.9316883107302749,0.975478150682797,1.3166,1.67863428544,0.9022293554299999,0.920463730001
1345,0.7114574853731916,0.8078772969644782,0.5963256831627495,0.9637399999999999,1.4916500305200002,0.731857796116,0.78878007798
1346,0.7611480981081953,0.7793601456708464,0.6946063440126581,0.8353,1.1796860905700002,0.661682834317,0.737510206462
1347,0.7844011247277408,0.7974892119424382,0.7172142061677593,0.7852899999999999,1.11907014219,0.668547840336,0.7271492782089999
1348,0.8514184022274419,0.8050121545722079,0.7436565198274572,0.7751899999999999,1.0211001054200002,0.669436201515,0.712154209861
1349,0.8709127877646087,0.8912792204863278,0.7218639963484762,0.76056,1.25241929652,0.742183007996,0.804133682134
1350,1.0049766067734272,1.140534185039117,0.9137571897591831,0.8502799999999999,1.8814331530500001,0.988173859803,1.0699859601700001
1351,1.3423773715172465,1.4759849767234772,1.3101058053330688,1.1096,2.09779322061,1.37450840761,1.40692014728
1352,1.7584643627665812,1.3768112185452572,1.7011605512108756,1.4382,2.4874310741,1.2873498457700001,1.3136612945000001
1353,1.3685143543399394,1.1799302606602282,1.2163548029596187,1.3472,3.1821587061299996,1.0615208678499999,1.0655066226
1354,1.0984705649671123,1.1481759753836756,0.830847456054379,1.1052,3.6206872484099994,1.04785977378,1.03658064544
1355,1.096970618577199,1.1264343744612593,1.0355532487537529,1.077,4.35261940359,1.05565730724,1.05565730724
1356,1.1006591651770987,1.0543162819312335,1.1003101318223731,1.0956,4.8712470727,1.03883842949,1.03883842949
1357,1.1050145617489882,0.9999566936738897,1.0450546465676063,1.0792,5.1710317127800005,1.01273131667,1.01273131667
1358,1.0751048755069175,0.9786952353866676,1.0111574658288518,1.0537,5.55276370477,1.0271005442,1.0271005442
1359,1.0905060636913337,1.0250820992409366,1.0664889402658335,1.0677,5.380334351819999,1.1475808452399998,1.1475808452399998
1360,1.189014472795567,1.2503724059053356,1.2817448593527097,1.1853,5.27620930111,1.53347320069,1.53347320069
1361,1.5449512287512575,1.7324625433147225,1.8348423217815037,1.5616,5.05626679217,2.16863013065,2.16863013065
1362,2.1860480306834766,2.1535997608835724,2.5627549666449916,2.1811,4.8044083453,2.50663568453,2.50663568453
1363,2.5794281168982334,2.324787165953252,2.8379295042558614,2.5108,4.3872664523600005,2.31753868817,2.31753868817
1364,2.5767829634992374,2.233966427005328,2.1075440395269793,2.3264,3.8587967031800003,2.19036432826,2.19036432826
1365,2.270780374618588,2.007759461301257,2.095284414690896,2.2023,3.04801629826,2.00146982851,1.99297435836
1366,1.9209175231227322,1.6150208873645506,1.816815944574358,2.0098,2.40481612038,1.63052267801,1.60992402176
1367,1.418666999723922,1.2585857104007718,1.245560474236811,1.6362,1.7438747573400002,1.28223150276,1.2659436983399999
1368,1.0687488879242446,0.89525459785209,0.9644442585244271,1.3007,1.42357355032,0.920463730001,0.917551380931
1369,0.6858538279739115,0.7751373612851012,0.6063244161881063,0.9609,1.1833389428299999,0.78878007798,0.7917830047069999
1370,0.7312502597293683,0.7438243701250448,0.7033398474645177,0.8382299999999999,1.07213648411,0.737510206462,0.747293869166
1371,0.7444722170039207,0.7557867267065339,0.7334828347917747,0.79484,0.998588051227,0.7271492782089999,0.7382879032699999
1372,0.8323871201419021,0.7751904272888382,0.7558445541438612,0.78605,0.999215663362,0.712154209861,0.751008110713
1373,0.8458865303744386,0.863573895915198,0.7883968539444853,0.7984600000000001,1.2376705513700001,0.804133682134,0.81838737219
1374,0.9680981396327786,1.1056205536000243,0.9068546953621448,0.86418,1.7887154844599997,1.0699859601700001,1.0724169319299999
1375,1.3077540471749651,1.4421295450945109,1.3034254416928217,1.1119,1.90693732819,1.40692014728,1.44592716573
1376,1.6626094735769434,1.3068497695646126,1.756018694612497,1.4763,2.14655845084,1.3136612945000001,1.36151128868
1377,1.2716073657142286,1.0940910467140785,1.275108458712342,1.3939,2.6339584550099997,1.0655066226,1.12055274563
1378,0.9838083153208698,1.0468883319737392,0.8923554048980337,1.1589,3.0250728426899998,1.03658064544,1.0959829127
1379,1.014385861236018,1.032859006498177,1.0989231642787238,1.1349,3.3962841446099996,1.05565730724,1.11689419312
1380,1.0629008726847191,0.9958364456186457,1.1631829471747712,1.1553,3.67062997763,1.03883842949,1.09461735306
1381,1.061042013532265,0.9474455286835883,1.0950064785278133,1.1336,4.007645499240001,1.01273131667,1.06358402109
1382,1.035169763155269,0.9304832635842868,1.0572373549215284,1.1033,4.21605156632,1.0271005442,1.07274704491
1383,1.0512621733762895,0.9812709725486235,1.1072609830029185,1.1123,4.10160104434,1.1475808452399998,1.19081631342
1384,1.1502743385516132,1.2094693754390125,1.3228865498713627,1.2274,4.0875049924199995,1.53347320069,1.57537743966
1385,1.5063916398613486,1.6908778891569787,1.8759113441425814,1.6025,4.05650140745,2.16863013065,2.20987404909
1386,2.147554223904889,2.111537823870426,2.6037168582487844,2.2214,4.10276595123,2.50663568453,2.54666438585
1387,2.542385869877101,2.28196347811649,2.877187520531156,2.5499,3.90269149118,2.31753868817,2.35749090125
1388,2.5390982089181464,2.1918924472328807,2.147352251616458,2.3653,3.48612149741,2.19036432826,2.23102892683
1389,2.231930913747814,1.967613396138355,2.136658099994304,2.242,2.78530914673,1.99297435836,2.0245033716
1390,1.8834622834225234,1.577589937895151,1.8381315992924607,2.0406,2.16216537691,1.60992402176,1.6225212312000001
1391,1.3826316492855548,1.2194637876914634,1.2407513697553612,1.6485,1.5320548656,1.2659436983399999,1.26396144156
1392,1.0750685464929957,0.8763611603896228,0.9496386239113471,1.2988,1.24135642158,0.917551380931,0.880143175615
1393,0.6795585218328796,0.7611427110778676,0.5349878936008718,0.9244100000000001,1.01860064755,0.7917830047069999,0.749758675036
1394,0.7385822527215102,0.735339082072701,0.6562109189693618,0.79724,0.9156004591470001,0.747293869166,0.714910772039
1395,0.7701099786152129,0.7655836227671391,0.7107175046134283,0.76325,0.846886812649,0.7382879032699999,0.6871629019200001
1396,0.8396824603241346,0.7821173397040964,0.685357563104048,0.73619,0.8014843221150001,0.751008110713,0.6976845056450001
1397,0.8737285304112028,0.879493159902287,0.7334602205046545,0.74645,0.9785510015889999,0.81838737219,0.770436117518
1398,0.9800477001358796,1.1216114131231714,0.8638365637214387,0.8174100000000001,1.6509260963999999,1.0724169319299999,1.02312562192
1399,1.315700416467999,1.4490407205995628,1.2538470205415548,1.0639,1.81380727808,1.44592716573,1.39952653292
1400,1.6919162374944443,1.3282832621853946,1.7109013925462375,1.431,1.9916196205599999,1.36151128868,1.29816133445
1401,1.2888788735490655,1.1143125040121815,1.190967846798604,1.3321,2.42757054787,1.12055274563,1.1054112518299999
1402,1.0084125187397488,1.0727938334288618,0.9330053702313725,1.1441,2.9086157715499996,1.0959829127,1.0959829127
1403,1.0125707109243038,1.0482558850859693,1.1144735113032556,1.1349,3.36398804828,1.11689419312,1.11689419312
1404,1.0565373890692977,1.001451041184802,1.1627340942947733,1.1553,3.82638510922,1.09461735306,1.09461735306
1405,1.0581163059000052,0.9518616645528326,1.094943511365153,1.1336,4.44096777509,1.06358402109,1.06358402109
1406,1.0343752710589147,0.9342263551954257,1.0572383544003008,1.1033,4.76081378977,1.07274704491,1.07274704491
1407,1.0515267774091235,0.9837882544879606,1.1072615913813015,1.1123,4.877447866030001,1.19081631342,1.19081631342
1408,1.150558034253405,1.2120411931788464,1.3228866802381591,1.2274,5.21012933551,1.57537743966,1.57537743966
1409,1.506539531085928,1.6916573508309578,1.8759113875981803,1.6025,4.90624329389,2.20987404909,2.20987404909
1410,2.147576183289609,2.1111639154078783,2.6037168582487844,2.2214,4.69055255686,2.54666438585,2.54666438585
1411,2.5423722299691045,2.279562844172499,2.877187520531156,2.5499,4.49821368773,2.35749090125,2.35749090125
1412,2.539082804641194,2.1896141669496627,2.147352251616458,2.3653,3.78797650536,2.23102892683,2.23102892683
1413,2.231924896285084,1.9678026601938248,2.136658099994304,2.242,3.13672303003,2.0245033716,2.0245033716
1414,1.8738445836078765,1.574898747980731,1.8381315992924607,2.0406,2.38175708306,1.6225212312000001,1.6225212312000001
1415,1.345455807901636,1.2017198310781896,1.2407513697553612,1.6485,1.69872746393,1.26396144156,1.24129551061
1416,0.9850261058473136,0.8136433699693963,0.9049447674685958,1.2767,1.3746942292700002,0.880143175615,0.8428503253290001
1417,0.5439846602706674,0.6591494842739514,0.4859034969474815,0.8880399999999999,1.1151928128200002,0.749758675036,0.7251086777920001
1418,0.6242865281228195,0.624050319172214,0.6425020854798491,0.7732,0.9956002497390001,0.714910772039,0.695580100619
1419,0.6507212530907787,0.6448288481560988,0.6960660451609381,0.7444,0.86746572185,0.6871629019200001,0.6780775690430001
1420,0.7336758708236529,0.6666369662880443,0.6864175481451251,0.72733,0.787705282385,0.6976845056450001,0.713663237118
1421,0.7551629266260195,0.7551698477439329,0.7731383753504211,0.7620399999999999,0.9266016100460001,0.770436117518,0.752046492239
1422,0.8629323439661905,0.997564678825081,0.8130987645186437,0.79947,1.64064508348,1.02312562192,1.00603082434
1423,1.1132404151064712,1.2801972349166444,1.234043070565611,1.0472,1.7675068305200001,1.39952653292,1.3814697869299999
1424,1.3763034532656004,1.0755439140687497,1.691680818709195,1.4134,1.8809383163999998,1.29816133445,1.2613554387700001
1425,1.33690389701382,1.0154388890969026,1.131171093012059,1.2962,2.40151112953,1.1054112518299999,1.05287501721
1426,1.6478791268680537,1.365044579889921,0.865904893898694,1.0929,3.0418227850300004,1.0959829127,1.03658064544
1427,2.156002410204512,1.7887587700082777,1.0487971464164136,1.077,3.3910981007300003,1.11689419312,1.05565730724
1428,2.6101044042769397,2.1700876209229825,1.0999429754681178,1.0956,3.8255776178400005,1.09461735306,1.03883842949
1429,2.921430431430785,2.5000525961361193,1.044998480206158,1.0792,4.155509959240001,1.06358402109,1.01273131667
1430,3.1115994019796474,2.7903805354514297,1.011158074207235,1.0537,4.40182191427,1.07274704491,1.0271005442
1431,3.609327416157342,3.250144942282772,1.0664895051886178,1.0677,4.4288131898000005,1.19081631342,1.1475808452399998
1432,3.186999295545967,3.4196702313273604,1.2817449462639072,1.1853,4.3485849664,1.57537743966,1.53347320069
1433,2.9885278603551666,3.5606334319651265,1.8348423217815037,1.5616,4.163928771459999,2.20987404909,2.16863013065
1434,2.916200922255726,3.4718837822963904,2.5627549666449916,2.1811,4.15849014763,2.54666438585,2.50663568453
1435,3.078349332756491,3.265257613416798,2.8379295042558614,2.5108,3.8935845025199995,2.35749090125,2.31753868817
1436,2.982537441515643,2.9459021419644724,2.1075440395269793,2.3264,3.35322020533,2.23102892683,2.19036432826
1437,2.461660211608082,2.479170897863927,2.095284414690896,2.2023,2.66741688909,2.0245033716,1.98296203803
1438,1.8523614610084076,1.821575287635973,1.7957092686402036,2.0,2.0198747454799997,1.6225212312000001,1.5895124840500001
1439,1.0743872961716607,1.1884655086694191,1.216369710540388,1.6163,1.4239264984600002,1.24129551061,1.2226737652600002
1440,0.9267782918138192,0.7781068897714001,0.8995429322907196,1.2585,1.0826194840999999,0.8428503253290001,0.8550492949140001
1441,0.5854189354162052,0.6791582570732853,0.5269703901874385,0.89994,0.879922855191,0.7251086777920001,0.7369842277699999
1442,0.6570533307215171,0.6400759601851204,0.6553028268840853,0.78478,0.675894825022,0.695580100619,0.671543288041
1443,0.6693559902467833,0.653443027256102,0.6362215367109324,0.72095,0.586018284073,0.6780775690430001,0.680082982225
1444,0.7333544097625087,0.6693375348863162,0.7153346225631351,0.72928,0.619262387564,0.713663237118,0.704453492766
1445,0.7450707180252064,0.7495341198025198,0.7527824871843978,0.75305,0.872894133576,0.752046492239,0.747710164177
1446,0.847569882436143,0.9795975783909922,0.8135715806645634,0.79524,1.40430991093,1.00603082434,1.04127609814
1447,1.0937464948560847,1.2564052698433836,1.2914789458924674,1.0816,1.60594681463,1.3814697869299999,1.3707817043500001
1448,1.3920749517761966,1.1170874975110603,1.661935109453372,1.403,1.73688468624,1.2613554387700001,1.26667099085
1449,1.2580717923032767,1.0265604579349275,1.1563859198054267,1.3014,2.1427838536,1.05287501721,1.05287501721
1450,1.628986527168411,1.3514103280912377,0.8577273758610451,1.0929,2.57071680988,1.03658064544,1.03658064544
1451,2.4242584398619393,1.9200934049371658,1.0483359304185575,1.077,2.97903680878,1.05565730724,1.05565730724
1452,2.7147543933647116,2.2860891808936428,1.0999442356804832,1.0956,3.38225168456,1.03883842949,1.03883842949
1453,2.921965763946331,2.5380090675183595,1.0450044988065919,1.0792,3.6829598452099996,1.01273131667,1.01273131667
1454,3.197553722747604,2.8847213564456817,1.0111582480296302,1.0537,3.9544283992500002,1.0271005442,1.0271005442
1455,3.3606728490576816,3.0808283763227045,1.066489461733019,1.0677,3.87482802801,1.1475808452399998,1.1475808452399998
1456,3.3999294116704073,3.4189191657829414,1.2817449462639072,1.1853,4.03109180268,1.53347320069,1.53347320069
1457,3.1843440115737427,3.6691180683710973,1.8348423217815037,1.5616,3.9638868671900003,2.16863013065,2.16863013065
1458,3.125894829263804,3.6592067376876605,2.5627549666449916,2.1811,4.03686407475,2.50663568453,2.50663568453
1459,3.2081758928198627,3.444555233197986,2.8379295042558614,2.5108,3.8204550109900004,2.31753868817,2.31753868817
1460,3.0167949665532543,3.0389916892871334,2.1075440395269793,2.3264,3.3479971149299996,2.19036432826,2.19036432826
1461,2.7013546962427517,2.649927505229697,2.095284414690896,2.2023,2.68329419765,1.98296203803,1.98296203803
1462,1.9793704107793606,1.982267107616034,1.7957092686402036,2.0,2.10746472168,1.5895124840500001,1.5895124840500001
1463,1.328426003862519,1.4397607007920419,1.216369710540388,1.6163,1.4465165492899998,1.2226737652600002,1.2226737652600002
1464,0.7651195661298861,0.8167169796823963,0.8995429322907196,1.2585,1.08093978311,0.8550492949140001,0.8362466924490001
1465,0.5586702269243373,0.6662100253305132,0.48953646047083643,0.8816,0.8895610888,0.7369842277699999,0.688076092533
1466,0.6126643084799668,0.6252391716833403,0.5782189287698033,0.7370800000000001,0.785499785088,0.671543288041,0.6154445696149999
1467,0.6672957842122461,0.6393622564366663,0.5744947750454394,0.6662399999999999,0.6810229281999999,0.680082982225,0.600881671828
1468,0.7281922525270883,0.6581428136481607,0.6141189230924097,0.65203,0.661937645857,0.704453492766,0.597455954043
1469,0.7472802972554244,0.7411609726327262,0.6191465794862364,0.64869,0.8619394282969999,0.747710164177,0.668814065962
1470,0.849871899398217,0.9693405060033188,0.7608234115366759,0.71829,1.4787020218200002,1.04127609814,0.9168384712090001
1471,1.0930993248550867,1.249204461824847,1.1446460415642663,0.9602,1.6520647426,1.3707817043500001,1.30997319986
1472,1.3745283346362358,1.1294199986306055,1.628014843631629,1.3436,1.89126168475,1.26667099085,1.25001341865
1473,1.3025619239495816,1.100753266224245,1.1937250361888565,1.2852,2.4876852797,1.05287501721,1.05287501721
1474,1.7843079147109,1.4960030294990807,0.8694758794578249,1.0929,3.09352872824,1.03658064544,1.03658064544
1475,2.6440884053662677,2.0596408459564155,1.0482022175410521,1.077,3.5776175762599998,1.05565730724,1.05565730724
1476,2.8036350201074764,2.3910878379340814,1.0999544912017998,1.0956,3.8637853939499998,1.03883842949,1.03883842949
1477,3.1228775930850867,2.7081498984766323,1.045004716084586,1.0792,4.309541297169999,1.01273131667,1.01273131667
1478,3.3548564130702396,3.039321718978463,1.0111581611184326,1.0537,4.53981453916,1.0271005442,1.0271005442
1479,3.525460376415987,3.2356025790194027,1.066489461733019,1.0677,4.67340702765,1.1475808452399998,1.1475808452399998
1480,3.3924877117722576,3.4345292306002775,1.2817449462639072,1.1853,4.82147394937,1.53347320069,1.53347320069
1481,3.194415037099346,3.6570960770293888,1.8348423217815037,1.5616,4.597086440959999,2.16863013065,2.16863013065
1482,3.221921314176017,3.7386941473605653,2.5627549666449916,2.1811,4.38941425789,2.50663568453,2.50663568453
1483,3.1220719912864503,3.456867559294183,2.8379295042558614,2.5108,4.22265061022,2.31753868817,2.31753868817
1484,3.308589953913674,3.212531474110878,2.1075440395269793,2.3264,3.5866522812199997,2.19036432826,2.19036432826
1485,2.871717845857935,2.803963968424093,2.095284414690896,2.2023,2.87842791204,1.98296203803,1.98296203803
1486,2.306112835330457,2.233494161710991,1.7957092686402036,2.0,2.20922433413,1.5895124840500001,1.5895124840500001
1487,1.428018344516118,1.6154599352950343,1.216369710540388,1.6163,1.5541312264700002,1.2226737652600002,1.2226737652600002
1488,0.8892267729866341,1.0056258634478126,0.8995429322907196,1.2585,1.11722208582,0.8362466924490001,0.8362466924490001
1489,0.4366674798439587,0.6950591459750344,0.48953646047083643,0.8816,0.944110740891,0.688076092533,0.688076092533
1490,0.5945638683429002,0.6238523452449761,0.5782189287698033,0.7370800000000001,0.832166047961,0.6154445696149999,0.6154445696149999
1491,0.6438818196435847,0.6332463002813992,0.5744947750454394,0.6662399999999999,0.6746165853849999,0.600881671828,0.600881671828
1492,0.7346371703115134,0.6541670375020933,0.6141189230924097,0.65203,0.7233448036390001,0.597455954043,0.597455954043
1493,0.7577773008905473,0.7420238061245211,0.6191465794862364,0.64869,0.9842775793899999,0.668814065962,0.668814065962
1494,0.8682285440467284,0.9710946209189821,0.7608234115366759,0.71829,1.56106802449,0.9168384712090001,0.95581938847
1495,1.116032234290822,1.2581446626548156,1.205827685506643,0.9982200000000001,1.7505459094099998,1.30997319986,1.33788431397
1496,1.4162015261645036,1.1837892432386388,1.654483840239876,1.3709,1.8815290574799999,1.25001341865,1.25001341865
1497,1.2705177038388205,1.1585453969507287,1.1598567202356642,1.2852,2.38408108196,1.05287501721,1.05287501721
1498,1.4414675424540986,1.3678171533698673,0.8736709743269112,1.0929,2.8895503321,1.03658064544,1.03658064544
1499,1.6241774913093299,1.407119198082224,1.0486542861353612,1.077,3.21919488753,1.05565730724,1.05565730724
1500,2.1977427536235865,1.7607830436701033,1.0999483205067702,1.0956,3.53817038011,1.03883842949,1.03883842949
1501,2.167227060208851,1.9216052729429691,1.0449991537679395,1.0792,3.74531258295,1.01273131667,1.01273131667
1502,2.5449945991894505,2.18741825641707,1.0111580524794357,1.0537,4.00034989767,1.0271005442,1.0271005442
1503,2.7980110149835666,2.4129799514727193,1.0664895051886178,1.0677,4.0430677472,1.1475808452399998,1.1475808452399998
1504,2.9204320866965494,2.7313993091454,1.2817449462639072,1.1853,4.15685023242,1.53347320069,1.53347320069
1505,2.803041909643529,3.0773642907034966,1.8348423217815037,1.5616,4.19183821536,2.16863013065,2.16863013065
1506,3.0038118656516883,3.314675843969976,2.5627549666449916,2.1811,4.183943854040001,2.50663568453,2.50663568453
1507,3.2026883170342844,3.349775669868256,2.8379295042558614,2.5108,3.9376307482,2.31753868817,2.31753868817
1508,3.1535526175207877,3.055967209704674,2.1075440395269793,2.3264,3.33105182897,2.19036432826,2.19036432826
1509,2.8647559246890344,2.6988562312205016,2.095284414690896,2.2023,2.64199673688,1.98296203803,1.98296203803
1510,2.1530895559714995,2.0933739605356507,1.7957092686402036,2.0,1.9827092268200002,1.5895124840500001,1.5895124840500001
1511,1.4213944260795681,1.5475555393556581,1.216369710540388,1.6163,1.38114115946,1.2226737652600002,1.2226737652600002
1512,0.8286328877269672,0.9611564961829463,0.8995429322907196,1.2585,1.12865885839,0.8362466924490001,0.798921844429
1513,0.49838940009065824,0.7224259709832309,0.4158921834473702,0.84519,0.951961057812,0.688076092533,0.666132905337
1514,0.6035838059252577,0.6371273437569109,0.5686097659088047,0.71568,0.7849678676109999,0.6154445696149999,0.600810865249
1515,0.6625939969237506,0.6403558656694273,0.5663572046883463,0.6519699999999999,0.666417225237,0.600881671828,0.59308575264
1516,0.7409536433263886,0.6614122585584093,0.6127218842832036,0.6444300000000001,0.68494217646,0.597455954043,0.5828411107
1517,0.7672609440345612,0.7487721643272403,0.5973112407579443,0.63444,0.8500377963779999,0.668814065962,0.664671576033
1518,0.8769340514355571,0.9735317003628653,0.7657199034359219,0.71425,1.23954627359,0.95581938847,0.894785272518
1519,1.1317481338903637,1.264757306042034,1.1122695742781061,0.9386899999999999,1.5027477227500001,1.33788431397,1.20047884964
1520,1.427018937494028,1.207210063382859,1.4751819639955062,1.2369,1.44737174329,1.25001341865,1.06929578949
1521,1.1056864201703926,1.1023165951773803,0.9258827989845766,1.1089,1.68376343234,1.05287501721,0.805059037104
1522,1.189516034334415,1.1934977594357905,0.559082446501688,0.8511799999999999,1.90880585245,1.03658064544,0.759695659297
1523,1.509291317349242,1.3244995306701552,0.7442754640992371,0.80693,2.2020615980000002,1.05565730724,0.772224882501
1524,1.97834452752476,1.5546248775843217,0.8110899862460923,0.81915,2.35978414438,1.03883842949,0.78116978566
1525,2.0976600119848325,1.8030046114231826,0.8140719990490515,0.82788,2.5651550468,1.01273131667,0.776114179464
1526,2.3208474357646782,2.013704815204877,0.7947917675088889,0.82295,2.7269892317199997,1.0271005442,0.8154520302889999
1527,2.3342985012106223,2.0668605788514807,0.8780642281987417,0.8613200000000001,2.6803053810299997,1.1475808452399998,0.947058285557
1528,2.0996141258247443,2.0842163018737283,1.0909172003062324,0.9896799999999999,2.8558957821900006,1.53347320069,1.33857576315
1529,2.082588389506251,2.3667430230540596,1.643598630988548,1.3715,2.93151177476,2.16863013065,1.97435827453
1530,2.269030178936559,2.593234867305357,2.3694201001463018,1.9917,2.92812725649,2.50663568453,2.31047533803
1531,2.619836279821251,2.681477200663587,2.6412293088519774,2.3195,2.8601475768099998,2.31753868817,2.1170584879099996
1532,2.7425730684949152,2.525167985021345,1.9018351529804516,2.1308,2.41931613496,2.19036432826,1.9906921093
1533,2.50477157032084,2.210064013632213,1.8965998545804068,2.0076,1.71926446197,1.98296203803,1.7840276158900001
1534,1.7678150177079917,1.6412095392793187,1.5974832705357294,1.806,1.23438940592,1.5895124840500001,1.43310201183
1535,1.2965395489961518,1.2458026292541304,1.1031297357998537,1.4637,0.772493120018,1.2226737652600002,1.13555417081
1536,0.9623628444893514,0.9070844168535019,0.8777044676813515,1.1735,0.6551100533199999,0.798921844429,0.798921844429
1537,0.6088078355064878,0.754969461241221,0.49442799880306504,0.84519,0.592772689318,0.666132905337,0.666132905337
1538,0.6560229346754654,0.6688111895705917,0.5709020052898683,0.71568,0.598364746478,0.600810865249,0.606312272819
1539,0.6765510304493734,0.6598852335628218,0.5775194644749326,0.65733,0.600158397913,0.59308575264,0.627309716197
1540,0.7426843729197283,0.6738471042027375,0.6742918477862127,0.67781,0.666265372373,0.5828411107,0.616693308628
1541,0.7628309706269281,0.753273162465529,0.6292908717502848,0.66746,0.9305442578659999,0.664671576033,0.683878894248
1542,0.8721333667803415,0.9692449954464436,0.7718848493276926,0.7329899999999999,1.27962527786,0.894785272518,0.928558360102
1543,1.1254815751588467,1.255381388686941,1.1539606196081267,0.9716299999999999,1.1654427452200002,1.20047884964,1.22349905199
1544,1.398341654873264,1.182028312308767,1.4929158796627702,1.2593,1.01134509512,1.06929578949,1.06929578949
1545,1.047188581122123,1.0820531553544415,0.8982526646058185,1.1089,1.25294045645,0.805059037104,0.805059037104
1546,1.164903529982175,1.1871616873692619,0.5626556591602574,0.8511799999999999,1.65502265139,0.759695659297,0.759695659297
1547,1.2146562830641028,1.1961559239431723,0.7446771676545376,0.80693,1.88893833565,0.772224882501,0.772224882501
1548,1.5015677870763076,1.2184475314388774,0.811092637037619,0.81915,2.16542162396,0.78116978566,0.78116978566
1549,1.3246774889044253,1.2324784062498713,0.8140676100335729,0.82788,2.38739372953,0.776114179464,0.776114179464
1550,1.12471472315675,1.092627787401455,0.7947915067752961,0.82295,2.4512099793099997,0.8154520302889999,0.8154520302889999
1551,1.3166679918971635,1.0598974833983195,0.8780642281987417,0.8613200000000001,2.65296781887,0.947058285557,0.947058285557
1552,0.8984988882452618,0.9671384036128744,1.0909172003062324,0.9896799999999999,2.7722619342400003,1.33857576315,1.33857576315
1553,1.2703135625273916,1.3477162145996613,1.643598630988548,1.3715,2.92858705789,1.97435827453,1.97435827453
1554,1.7956584562242428,1.8514136506339314,2.3694201001463018,1.9917,2.98852835786,2.31047533803,2.31047533803
1555,2.1704821296241903,2.070993837977852,2.6412293088519774,2.3195,2.84310963111,2.1170584879099996,2.1170584879099996
1556,2.3488745211718047,2.002809515169215,1.9018351529804516,2.1308,2.4743444824200003,1.9906921093,1.9906921093
1557,2.2713456061979205,1.7940100269654236,1.8965998545804068,2.0076,1.82495974907,1.7840276158900001,1.7840276158900001
1558,1.8753621458637992,1.5151760465023876,1.5974832705357294,1.806,1.2241222374,1.43310201183,1.43310201183
1559,1.370802241621223,1.218208938141224,1.1031297357998537,1.4637,0.7843126544269999,1.13555417081,1.13555417081
1560,1.009632110310243,0.8950194572617736,0.8777044676813515,1.1735,0.656183381384,0.798921844429,0.798921844429
1561,0.6468916371655977,0.7734275726040978,0.49442799880306504,0.84519,0.602206790885,0.666132905337,0.666132905337
1562,0.6780761436855555,0.6963129539669872,0.5709020052898683,0.71568,0.603324710803,0.606312272819,0.600810865249
1563,0.7010200967968236,0.6862745217670054,0.5664634536274106,0.6519699999999999,0.618803142711,0.627309716197,0.6181354506660001
1564,0.764833857205882,0.698013143316043,0.661759681224794,0.66886,0.673739535522,0.616693308628,0.606912138432
1565,0.7836569653613551,0.7749861681124524,0.619095048230542,0.65792,0.9164889912549999,0.683878894248,0.692934659743
1566,0.8880364371030668,0.9843338641229188,0.7973761306669667,0.74182,1.28109302105,0.928558360102,0.925331765372
1567,1.1274954518904723,1.2578767717553585,1.1445608094238975,0.96849,1.16653700153,1.22349905199,1.2301565367799998
1568,1.4595618171002902,1.209159659208755,1.5046146484694756,1.2658,1.0471125470799998,1.06929578949,1.0750175879700001
1569,1.1149540754316547,1.1571608997509117,0.9025136705404816,1.1145,1.28878985165,0.805059037104,0.805059037104
1570,0.988356649018717,1.1184668427092062,0.5566931164490071,0.8511799999999999,1.59707693837,0.759695659297,0.759695659297
1571,1.0483430052407234,1.100823489557809,0.7444346202298394,0.80693,1.91070733942,0.772224882501,0.772224882501
1572,1.0311066671205205,0.9144243316974455,0.8110830768058832,0.81915,2.11010001652,0.78116978566,0.78116978566
1573,1.0186857773426223,0.8947250613766462,0.8140704346474947,0.82788,2.38988718338,0.776114179464,0.776114179464
1574,0.9691167526547434,0.8978882608418538,0.7947917240532901,0.82295,2.5055074426400004,0.8154520302889999,0.8154520302889999
1575,0.9831609488744802,0.740826319268509,0.8780642281987417,0.8613200000000001,2.7134835070700003,0.947058285557,0.947058285557
1576,1.0433453371722412,0.9172371853048694,1.0909172003062324,0.9896799999999999,2.8219223926,1.33857576315,1.33857576315
1577,1.322924727442253,1.3503030526562732,1.643598630988548,1.3715,2.9622747661799997,1.97435827453,1.97435827453
1578,1.840859823160419,1.8309740890932482,2.3694201001463018,1.9917,3.00548088684,2.31047533803,2.31047533803
1579,2.182338609980571,2.0796476883655464,2.6412293088519774,2.3195,2.85879301328,2.1170584879099996,2.1170584879099996
1580,2.355717266071929,2.0331578532823196,1.9018351529804516,2.1308,2.43128293694,1.9906921093,1.9906921093
1581,2.2738426016186883,1.8071190929244076,1.8965998545804068,2.0076,1.89610595455,1.7840276158900001,1.7840276158900001
1582,1.8793090606466647,1.5090253903958644,1.5974832705357294,1.806,1.3498152600100002,1.43310201183,1.43310201183
1583,1.3885470349365885,1.2212158951635357,1.1031297357998537,1.4637,0.798638554093,1.13555417081,1.13555417081
1584,1.030490636877566,0.9049976630064728,0.8777044676813515,1.1735,0.639312343172,0.798921844429,0.798921844429
1585,0.6745441241953337,0.7926777348085254,0.49442799880306504,0.84519,0.587755631737,0.666132905337,0.667029797468
1586,0.7112475465970636,0.7279232882839668,0.5726421967711673,0.71655,0.58751855565,0.600810865249,0.614387264415
1587,0.7405743665510429,0.7218673626144204,0.5927446185695682,0.6652100000000001,0.5843488108789999,0.6181354506660001,0.627632451162
1588,0.8110297738384725,0.7383030415349973,0.6671401328465374,0.67813,0.654174712457,0.606912138432,0.624021913291
1589,0.8349694687274929,0.8203133604718543,0.6441891592627286,0.6746,0.889903213546,0.692934659743,0.697559953688
1590,0.9457766361047928,1.032474643014119,0.7913088268826114,0.74633,1.26293782881,0.925331765372,0.91208084308
1591,1.1809393312257124,1.3112246827773206,1.1187522185576757,0.9555600000000001,1.1501026192100001,1.2301565367799998,1.22504262485
1592,1.411363531909655,1.200627186024844,1.5023698055390011,1.2608,1.2717377797299998,1.0750175879700001,1.0703091818500001
1593,1.08753265869775,1.1320358162966382,0.8980825002769214,1.1099,1.60556962188,0.805059037104,0.805059037104
1594,0.9339807527519324,1.0957212418474325,0.5616948558708051,0.8511799999999999,2.01754423073,0.759695659297,0.759695659297
1595,1.0398712897550606,1.0822453699079075,0.7446453364284171,0.80693,2.3900382460900005,0.772224882501,0.772224882501
1596,1.5353676095596214,1.1946154169429923,0.8110910726360623,0.81915,2.71454115702,0.78116978566,0.78116978566
1597,1.8033282868468083,1.4365960826369641,0.8140679576783632,0.82788,3.06921515864,0.776114179464,0.776114179464
1598,1.9576589505524835,1.6688199413563976,0.7947915067752961,0.82295,3.2254337331299996,0.8154520302889999,0.8154520302889999
1599,2.0155984158093716,1.689486407854544,0.8780642281987417,0.8613200000000001,3.38645671092,0.947058285557,0.947058285557
1600,1.9840370065917046,1.8714564232148707,1.0909172003062324,0.9896799999999999,3.50219361542,1.33857576315,1.33857576315
1601,1.5905867895575962,1.9614356842313145,1.643598630988548,1.3715,3.47938925496,1.97435827453,1.97435827453
1602,2.0433884685141663,2.226791454673469,2.3694201001463018,1.9917,3.5355176384500004,2.31047533803,2.31047533803
1603,2.376929693235921,2.4138079921078495,2.6412293088519774,2.3195,3.2980627195200003,2.1170584879099996,2.1170584879099996
1604,2.3218761297366663,2.208529246108982,1.9018351529804516,2.1308,2.82792669357,1.9906921093,1.9906921093
1605,2.1288101340735968,1.8155934535672351,1.8965998545804068,2.0076,2.13994818212,1.7840276158900001,1.7840276158900001
1606,1.8250408643305318,1.4793568393097651,1.5974832705357294,1.806,1.5079135191,1.43310201183,1.43310201183
1607,1.3368935228352048,1.1784222327039928,1.1031297357998537,1.4637,0.93768020144,1.13555417081,1.13555417081
1608,1.0000601567459997,0.8607564549335024,0.8777044676813515,1.1735,0.642304959933,0.798921844429,0.8571886871850001
1609,0.639540740789843,0.7506029480833637,0.6132454926895039,0.90202,0.583409241543,0.667029797468,0.736004567484
1610,0.6767835143943901,0.69137580968024,0.6516500606213452,0.78383,0.574122814163,0.614387264415,0.6946910733249999
1611,0.7037468294119442,0.6841093805650234,0.6838052091283499,0.74353,0.580469539934,0.627632451162,0.6925326023199999
1612,0.7745107800834449,0.6985729875961594,0.7167178398679083,0.74143,0.647518044794,0.624021913291,0.700874604104
1613,0.7984984681143107,0.7797738448350604,0.7336899932066506,0.74956,0.917382481038,0.697559953688,0.7509501051430001
1614,0.9097137283385751,0.9879007243991622,0.8235128095214017,0.7984,1.27928483355,0.91208084308,1.00035631181
1615,1.146645578296144,1.2614154098881376,1.2270172192797495,1.0417,1.30646611021,1.22504262485,1.37538684154
1616,1.4336682279329347,1.1891562362195747,1.685374424630169,1.4074,1.44150796366,1.0703091818500001,1.26948328936
1617,1.082757760534291,1.115741183674207,1.1566922642994684,1.3042,1.9592980476400004,0.805059037104,1.05287501721
1618,0.9334938868377116,1.1009890188620284,0.8549552780302403,1.0929,2.4815654869999997,0.759695659297,1.03658064544
1619,1.0815561272586756,1.1552089838491897,1.0482586663638924,1.077,2.85652471413,0.772224882501,1.05565730724
1620,1.568587608319607,1.2549584303539707,1.099942497456531,1.0956,3.16600417312,0.78116978566,1.03883842949
1621,1.8335387943919945,1.4607047223628067,1.0450056721077594,1.0792,3.59183017049,0.776114179464,1.01273131667
1622,2.0917574732783253,1.7356841778937253,1.011158291485229,1.0537,3.8845596925,0.8154520302889999,1.0271005442
1623,2.3171251295984505,1.8916766545970463,1.066489461733019,1.0677,4.080721862830001,0.947058285557,1.1475808452399998
1624,2.3463044594508644,2.0973089113025827,1.2817449462639072,1.1853,4.17417185117,1.33857576315,1.53347320069
1625,2.3796448789296325,2.5225020278573043,1.8348423217815037,1.5616,4.01953059859,1.97435827453,2.16863013065
1626,2.529345173246519,2.76586987457197,2.5627549666449916,2.1811,4.04411083694,2.31047533803,2.50663568453
1627,2.7363571195515175,2.830512995916921,2.8379295042558614,2.5108,3.85000857944,2.1170584879099996,2.31753868817
1628,2.651129448967566,2.6260676070707616,2.1075440395269793,2.3264,3.2484183133099997,1.9906921093,2.19036432826
1629,2.404419707863108,2.203798392261476,2.095284414690896,2.2023,2.58315896841,1.7840276158900001,1.98296203803
1630,1.7588159432446968,1.6259633096489827,1.7957092686402036,2.0,1.9411048920200002,1.43310201183,1.5895124840500001
1631,1.2171314479376854,1.1819689086579386,1.216369710540388,1.6163,1.35543093162,1.13555417081,1.2226737652600002
1632,0.9507987441858013,0.8454082956605713,0.8995429322907196,1.2585,1.02641543377,0.8571886871850001,0.8362466924490001
1633,0.6191698089770904,0.7351289326532913,0.48953646047083643,0.8816,0.8459649434379999,0.736004567484,0.6904949104989999
1634,0.6728191274826064,0.6812436399368799,0.5828731461936374,0.73944,0.5753968763239999,0.6946910733249999,0.650457231171
1635,0.6969922145715864,0.6736777906577902,0.6417537940572478,0.70039,0.60101233232,0.6925326023199999,0.6556215799580001
1636,0.7662785789360799,0.6865866226503643,0.6870245751884763,0.7054199999999999,0.622944639858,0.700874604104,0.638340271325
1637,0.7880390709163078,0.7667449656671083,0.6448361903642779,0.68857,0.860731875569,0.7509501051430001,0.7079842234720001
1638,0.8969940596905219,0.9702715198970484,0.7982058057120733,0.7565,1.4177650332499998,1.00035631181,0.98625074166
1639,1.1308169332083868,1.241127112194808,1.2313353020746898,1.0279,1.6196693610799997,1.37538684154,1.32944134885
1640,1.4049036160547719,1.1570320931672429,1.6272630590447217,1.3626,1.70634744194,1.26948328936,1.25001341865
1641,1.0495980494173107,1.0765656662218444,1.1697346558543293,1.2852,2.2706874998199997,1.05287501721,1.05287501721
1642,1.1394307197221674,1.206805255761894,0.872429719466708,1.0929,2.6828331691400003,1.03658064544,1.03658064544
1643,1.5437564516608817,1.4895633493386695,1.048520486346658,1.077,3.2046368635199998,1.05565730724,1.05565730724
1644,2.0589823181159526,1.683939233899976,1.0999500587307223,1.0956,3.5131150085300002,1.03883842949,1.03883842949
1645,2.3665836416359376,1.9410709601544653,1.0450007833528945,1.0792,3.79731513455,1.01273131667,1.01273131667
1646,2.6091351202886592,2.2398104894854205,1.011158074207235,1.0537,4.16497143874,1.0271005442,1.0271005442
1647,2.6783012991205086,2.3300889634083686,1.0664895051886178,1.0677,4.06338172468,1.1475808452399998,1.1475808452399998
1648,2.8184952426426007,2.547757664155075,1.2817449462639072,1.1853,3.9724804378099994,1.53347320069,1.53347320069
1649,2.7270935895416653,2.901073146741163,1.8348423217815037,1.5616,3.9048187069699996,2.16863013065,2.16863013065
1650,2.796929957305884,3.1002088418739473,2.5627549666449916,2.1811,3.86627161242,2.50663568453,2.50663568453
1651,2.995043629183601,3.135877038274347,2.8379295042558614,2.5108,3.5350239701999997,2.31753868817,2.31753868817
1652,3.0383171866246994,2.9995382243802755,2.1075440395269793,2.3264,3.05455479985,2.19036432826,2.19036432826
1653,2.7203288647240242,2.5539558681954975,2.095284414690896,2.2023,2.49290624872,1.98296203803,1.98296203803
1654,2.0452635590155674,1.960975557539485,1.7957092686402036,2.0,1.82204380975,1.5895124840500001,1.5895124840500001
1655,1.340370553142327,1.4286345877876565,1.216369710540388,1.6163,1.23747513774,1.2226737652600002,1.2226737652600002
1656,0.7572823463694244,0.8596443878041635,0.8995429322907196,1.2585,0.9111602118629999,0.8362466924490001,0.8362466924490001
1657,0.5749967084150218,0.7201702646333766,0.48953646047083643,0.8816,0.73098815691,0.6904949104989999,0.688076092533
1658,0.6226793333329661,0.6629943270411163,0.5782189287698033,0.7370800000000001,0.5908478421760001,0.650457231171,0.627475718676
1659,0.6869507184360742,0.65513227052221,0.5986139028410394,0.67797,0.553680274564,0.6556215799580001,0.633416029866
1660,0.7508007484753644,0.6667912027530242,0.6661953508216472,0.68377,0.617007386649,0.638340271325,0.648544597578
1661,0.7829415509362602,0.7504278678926739,0.6878602924270422,0.69852,0.8606842090379999,0.7079842234720001,0.729472380606
1662,0.8951004610775198,0.9568379228429895,0.82997355856444,0.77746,1.2655422446,0.98625074166,0.975799387406
1663,1.0848666389727726,1.2056789180849417,1.2033483969484104,1.0177,1.490487871,1.32944134885,1.3501098357700003
1664,1.4166801000638314,1.1391405263847745,1.6601875023164803,1.3828,1.64968864285,1.25001341865,1.26460112109
1665,1.1123661815438686,1.1207912462759915,1.1767748812558718,1.2994,2.25216254961,1.05287501721,1.05287501721
1666,1.0086997403744054,1.178757935086015,0.8572209986321367,1.0929,2.83113753603,1.03658064544,1.03658064544
1667,1.225039948879039,1.3151699580819345,1.0481014222796372,1.077,3.1965030095099998,1.05565730724,1.05565730724
1668,1.3772796544915293,1.2585689223460743,1.0999477990395845,1.0956,3.6102732588,1.03883842949,1.03883842949
1669,1.6838690999810852,1.3698381695357722,1.0450072365093162,1.0792,3.9015779670099997,1.01273131667,1.01273131667
1670,1.8183323007131362,1.5294436170607395,1.0111583132130284,1.0537,4.157452671090001,1.0271005442,1.0271005442
1671,1.97901298032768,1.6246937883208483,1.0664894182774203,1.0677,4.32010828116,1.1475808452399998,1.1475808452399998
1672,1.98663722964457,1.7259508462628284,1.2817449462639072,1.1853,4.22882427459,1.53347320069,1.53347320069
1673,2.053236752407236,2.0921337233051105,1.8348423217815037,1.5616,4.0384629074300005,2.16863013065,2.16863013065
1674,2.390037942832084,2.4950793429657105,2.5627549666449916,2.1811,3.88850042258,2.50663568453,2.50663568453
1675,2.53477581043911,2.598085143979298,2.8379295042558614,2.5108,3.61104824365,2.31753868817,2.31753868817
1676,2.4773911593754687,2.416323013593279,2.1075440395269793,2.3264,3.05902443811,2.19036432826,2.19036432826
1677,2.4067313838372737,2.093587468483042,2.095284414690896,2.2023,2.44808996268,1.98296203803,1.98296203803
1678,1.8283633026107708,1.6232156693063624,1.7957092686402036,2.0,1.76360381411,1.5895124840500001,1.5895124840500001
1679,1.2896456873930608,1.2170128509095575,1.216369710540388,1.6163,1.12480839623,1.2226737652600002,1.2226737652600002
1680,0.9605220717762525,0.8930388259061732,0.8995429322907196,1.2585,0.834645801074,0.8362466924490001,0.8362466924490001
1681,0.6064152725206613,0.7386183736787656,0.48953646047083643,0.8816,0.6605600052539999,0.688076092533,0.707099818407
1682,0.651256623730154,0.6753616467957975,0.6146662856213749,0.75563,0.552779568943,0.627475718676,0.655444948473
1683,0.6741367291334914,0.6612673144548818,0.6346154437923005,0.70525,0.556786413573,0.633416029866,0.664151289922
1684,0.741415993626445,0.6666968904661594,0.6992804723827187,0.7137399999999999,0.62004636338,0.648544597578,0.673539639999
1685,0.7652114803475518,0.7415744744503819,0.7070227678328005,0.7229,0.851872706211,0.729472380606,0.773781228979
1686,0.8742036796704726,0.9326677040732622,0.8908342968752986,0.8206700000000001,1.3446149541699999,0.975799387406,1.00941998347
1687,1.103920494023308,1.2085396247183078,1.2317929966394272,1.0505,1.53354936286,1.3501098357700003,1.3752738117399999
1688,1.4191624004073553,1.1380989315358587,1.6809990958775396,1.4073,1.69008300111,1.26460112109,1.27537629049
1689,1.1064030925493222,1.1050607390095493,1.1697228040766523,1.3099,2.45811232401,1.05287501721,1.05287501721
1690,1.3323549999690472,1.355965738571099,0.8475721174747427,1.0929,3.1032667562,1.03658064544,1.03658064544
1691,1.595999172011756,1.5975838565375922,1.0478960293919122,1.077,3.5404428977800007,1.05565730724,1.05565730724
1692,2.009213475196299,1.7636267501947351,1.0999387602750343,1.0956,3.9028777299,1.03883842949,1.03883842949
1693,2.229005193727159,1.9027469303282398,1.045010495679226,1.0792,4.1951992178,1.01273131667,1.01273131667
1694,2.675730994714716,2.232032978935608,1.0111585522188218,1.0537,4.36180958814,1.0271005442,1.0271005442
1695,2.639151293469925,2.3266295450979158,1.0664894182774203,1.0677,4.3863068490199995,1.1475808452399998,1.1475808452399998
1696,2.8336480618988964,2.5085182545215265,1.2817449462639072,1.1853,4.408652650990001,1.53347320069,1.53347320069
1697,2.883196142837281,2.9123356998492818,1.8348423217815037,1.5616,4.16300053477,2.16863013065,2.16863013065
1698,3.0382111199154456,3.2145335766846954,2.5627549666449916,2.1811,3.99264992365,2.50663568453,2.50663568453
1699,3.1006462521282896,3.257170120762256,2.8379295042558614,2.5108,3.78425698117,2.31753868817,2.31753868817
1700,3.1323077186646553,3.1305831758941705,2.1075440395269793,2.3264,3.2190170312700004,2.19036432826,2.19036432826
1701,3.0068353859575767,2.7604154576074302,2.095284414690896,2.2023,2.62466056429,1.98296203803,1.98296203803
1702,2.437071562293226,2.2763836221575837,1.7957092686402036,2.0,2.05308452823,1.5895124840500001,1.5895124840500001
1703,1.6425653618689888,1.7392497327213507,1.216369710540388,1.6163,1.43924280276,1.2226737652600002,1.2226737652600002
1704,1.1348505080179474,1.2356874913568854,0.8995429322907196,1.2585,1.16410905668,0.8362466924490001,0.86624374849
1705,0.5893892492104537,0.9158591134569948,0.5493423842475943,0.91086,0.9985519698180001,0.707099818407,0.733054156986
1706,0.585996482044147,0.7377250859491973,0.6377404522953563,0.78095,0.877522494432,0.655444948473,0.677620771112
1707,0.5647521822748744,0.6431253996050899,0.653243573073126,0.72688,0.8238076679690001,0.664151289922,0.689534652578
1708,0.6390360464444022,0.6050509050808326,0.7278412649673238,0.7385,0.871160602676,0.673539639999,0.6897811912980001
1709,0.6807889148414212,0.6657883750942426,0.7139427455445628,0.73874,1.1524439412,0.773781228979,0.7670523354440001
1710,0.7905808432071627,0.8468458688795221,0.8641399892055585,0.81411,1.5401192366299998,1.00941998347,1.06291092176
1711,1.1639471801190486,1.1934226394318683,1.318182082911626,1.1027,1.6215697698299998,1.3752738117399999,1.4167446048199999
1712,1.922152472705033,1.390638143782597,1.7212478306081058,1.4478,1.8182967470099998,1.27537629049,1.3315558109299999
1713,1.8433353646379174,1.6402598340605572,1.2444460018254762,1.3647,2.214062539,1.05287501721,1.1054112518299999
1714,1.9362566808235937,1.9157975561515395,0.8936954029658373,1.1441,2.5643959027700003,1.03658064544,1.0959829127
1715,2.4016437917368565,2.3026929824287414,1.1127215988376624,1.1349,2.3533253546400004,1.05565730724,1.11689419312
1716,2.65481342546752,2.4742749807043154,1.1627167555108524,1.1553,2.41054894646,1.03883842949,1.09461735306
1717,2.8438280859466523,2.6084882085734096,1.0949674119444928,1.1336,2.42612422696,1.01273131667,1.06358402109
1718,3.4999911436824958,2.980636350151051,1.0572392235122767,1.1033,2.3980618244,1.0271005442,1.07274704491
1719,3.4556348091307654,3.157387120423673,1.1072614610145053,1.1123,2.66698627492,1.1475808452399998,1.19081631342
1720,3.468726854376539,3.2403041809808135,1.3228866367825602,1.2274,2.996933476,1.53347320069,1.57537743966
1721,3.2754048904088053,3.446133483575839,1.8759113875981803,1.6025,3.14793949733,2.16863013065,2.20987404909
1722,3.090687736877514,3.500196119224876,2.6037168582487844,2.2214,3.33090552143,2.50663568453,2.54666438585
1723,3.1263994634417656,3.4385426459553017,2.877187520531156,2.5499,3.18267806527,2.31753868817,2.35749090125
1724,3.091154315733628,3.2277896624464537,2.147352251616458,2.3653,2.8559722170999997,2.19036432826,2.23102892683
1725,2.8551824309092333,2.7278236331288555,2.136658099994304,2.242,2.2945955536500002,1.98296203803,2.0245033716
1726,2.1306615326761946,2.077749798839364,1.8381315992924607,2.0406,1.69642355551,1.5895124840500001,1.6225212312000001
1727,1.4610015920288835,1.5542065959768268,1.2407513697553612,1.6485,1.1988858681299999,1.2226737652600002,1.24439255971
1728,0.8307537737162036,0.9838987596568238,0.9110401877023484,1.2797,0.9457369052410001,0.86624374849,0.8677654360379999
1729,0.4843555200005326,0.7429829109097048,0.531899896384989,0.9123399999999999,0.64040108797,0.733054156986,0.738191862715
1730,0.6007110476889144,0.6666801205592773,0.6458240999781577,0.78596,0.6833531872840001,0.677620771112,0.684980774831
1731,0.6633684622968445,0.6573799347631197,0.6626339092792262,0.73406,0.648624078297,0.689534652578,0.6944778226780001
1732,0.747816639843471,0.6666929784211413,0.7304058928670449,0.74332,0.715964395423,0.6897811912980001,0.7042072055940001
1733,0.7740225073194771,0.7398104734023316,0.7380053430634966,0.7528100000000001,1.01762760058,0.7670523354440001,0.7621112511329999
1734,0.8847640049795817,0.9445168549748076,0.8418424780005298,0.80929,1.3266730440799999,1.06291092176,1.05720996764
1735,1.1135081276261645,1.2476314921990164,1.3099779559339906,1.0971,1.56230045842,1.4167446048199999,1.41763804009
1736,1.379555489932115,1.1142281856599265,1.7246851566318164,1.4487,1.75544088375,1.3315558109299999,1.35052186197
1737,1.2102685355343321,1.1513302115678254,1.2855683244692815,1.3832,2.5415099826599996,1.1054112518299999,1.12908621928
1738,1.7088866500664261,1.5927333995030586,0.9196494427504648,1.1672,3.14725945513,1.0959829127,1.10511939429
1739,2.4475051799983407,2.153360548271002,1.109188122586143,1.1438,3.5779109946800007,1.11689419312,1.11689419312
1740,2.903593569938146,2.5265200711127394,1.1543598093057612,1.1553,3.90554620575,1.09461735306,1.09461735306
1741,3.395125593009355,2.9683499871301455,1.0955391138022963,1.1336,4.235764989930001,1.06358402109,1.06358402109
1742,3.6547774885837203,3.1847481374803817,1.057268708136062,1.1033,4.43136086434,1.07274704491,1.07274704491
1743,3.854281171404052,3.4457082995484174,1.1072589840453737,1.1123,4.5873992378,1.19081631342,1.19081631342
1744,4.101355488805574,3.719414913683066,1.3228859414929794,1.2274,4.49893802681,1.57537743966,1.57537743966
1745,3.970223308891064,4.003248973119085,1.875911213775785,1.6025,4.419363976730001,2.20987404909,2.20987404909
1746,3.371062311293877,3.927332392495014,2.603716771337587,2.2214,4.1259757730199995,2.54666438585,2.54666438585
1747,3.5139241011772437,3.862101091142098,2.877187520531156,2.5499,4.06285457096,2.35749090125,2.3616457674799998
1748,3.330988837207685,3.589978886951555,2.1565338442375657,2.3694,3.46499881361,2.23102892683,2.24408490267
1749,2.922995927078321,2.939485974599281,2.158373668557233,2.2547,2.85176046933,2.0245033716,2.05488272943
1750,2.245773597059554,2.2566083245277717,1.8866152222801262,2.0702,2.15172093809,1.6225212312000001,1.67833097106
1751,1.539518104492236,1.6770700465364499,1.3193099200365939,1.7029,1.56547144566,1.24439255971,1.32096031842
