Time,Arima,Holt,LSTM,tesla,Persistence prev 20%,Persistence prev day,Actual
0,0.8248258009837481,0.5527196755727612,0.33254734052934054,0.50412,0.40137639978600004,0.38863754375500004,0.387975172739
1,0.5720884059366061,0.44796876023763893,0.33988740009876306,0.43131,0.35025630241300004,0.362402135619,0.361842534002
2,0.42645846666095744,0.41834131562556837,0.39306825954727675,0.40778000000000003,0.333869960572,0.360747853894,0.360095648862
3,0.4643415238478803,0.4170568910036635,0.4480920300800873,0.4062,0.34495721281900005,0.378049767109,0.377491924058
4,0.4744153319244296,0.4418106504581543,0.4913313164385415,0.42186999999999997,0.45907320615900005,0.525273151937,0.525314441412
5,0.5331637350069879,0.6365421420614392,0.8049154577490512,0.55503,0.688117131074,0.820437380634,0.821261954162
6,0.8477881713767474,1.0380091234575166,0.9311427161014396,0.8216100000000001,0.833660102957,0.9768614844299999,0.9782420232719999
7,1.3210165978677344,1.2346432606382902,1.0303960626551762,0.96301,0.769163116781,0.8766729271160001,0.877958002516
8,1.2717728224192597,1.1303744462022274,0.7233809145432439,0.8726799999999999,0.6923400188850001,0.725911475214,0.727003660852
9,1.0300419353506938,0.9500648423359204,0.5635061590027882,0.7367,0.69409276055,0.659349220617,0.660648734498
10,0.7888998496310528,0.8616647881760763,0.6096817641869524,0.67693,0.702002321955,0.6120014053149999,0.61322789837
11,0.7405937198781953,0.7919797307554388,0.5941430449539321,0.63422,0.711039428425,0.573302177226,0.574444723979
12,0.6530427503617522,0.7347281803253733,0.5729257342338197,0.59928,0.763026789245,0.557500381654,0.558648375855
13,0.6586249608655866,0.7089175956840308,0.5925761714286473,0.58505,0.830125677835,0.548109069024,0.549209412014
14,0.684181526033234,0.6952098377545222,0.5868117130378872,0.57655,0.923041436001,0.571464955172,0.572663134872
15,0.7268231434523245,0.7320690375715728,0.6546229574802926,0.59768,1.04412007785,0.6679778913600001,0.669553879164
16,0.8299003450631312,0.8836264078692618,0.8277450999457693,0.68495,1.28019586664,0.849893057283,0.8517877327910001
17,1.054373441721125,1.1656607571537856,0.9628486014350367,0.8491,1.34000548996,1.0437727406100001,1.04584836415
18,1.3695535592391677,1.4184188630738555,1.1041773793418999,1.0239,1.28926038735,1.1246327449299998,1.12706941408
19,1.5370830059987384,1.434274126538654,1.1427892461800815,1.0971,1.2506680916,1.12713382598,1.12897180111
20,1.3693387680543907,1.3572443782065493,1.0989516170986444,1.0988,1.21907542533,1.02419545377,1.02543649366
21,1.2500040140147288,1.2378173236097059,0.8865005207839649,1.0055,0.999413889041,0.8397099517929999,0.8414363360609999
22,1.0478913667528167,1.0174791137911487,0.6483815912174877,0.83978,0.7777531901479999,0.663963253172,0.6653298413759999
23,0.7811033860119738,0.8010747758281922,0.5033730023701516,0.68115,0.5540936673899999,0.468805661551,0.46946621825
24,0.6078338268980914,0.5551875218898621,0.33301621387111874,0.50472,0.438763516056,0.387975172739,0.39109588357299996
25,0.37904492843193344,0.44406643756170927,0.34451764939185636,0.43413,0.394667113724,0.361842534002,0.36418822549
26,0.45815991933902944,0.41528340277408654,0.3953224525647963,0.40989,0.393110209112,0.360095648862,0.362643546563
27,0.46597963113360735,0.4144431532580601,0.45088205290136857,0.4085,0.382154902377,0.377491924058,0.382792735542
28,0.5490408120979204,0.44181854937391407,0.500227023415709,0.42665,0.49982433407,0.525314441412,0.541593133799
29,0.5863510880362632,0.6388596071592207,0.831449547423118,0.5696899999999999,0.751890708197,0.821261954162,0.858875440968
30,0.8638744581915547,1.032621387011476,0.9534032590879755,0.85549,0.883595579471,0.9782420232719999,1.0220529465600001
31,1.2421792263421882,1.1996027822450857,1.0858337999566448,1.0025,0.7978316676289999,0.877958002516,0.9219556839
32,1.205266264032828,1.0812233096915511,0.7640502546445929,0.9123100000000001,0.732765288751,0.727003660852,0.7662700502959999
33,0.9581243730541813,0.8950853217422249,0.5978545464124279,0.77207,0.706579276695,0.660648734498,0.6933167240629999
34,0.7413872862739308,0.8101978076086495,0.6324784101747171,0.70636,0.7183196370880001,0.61322789837,0.640040581131
35,0.6909518589573361,0.7479865049007157,0.6144284564503325,0.65837,0.737875542883,0.574444723979,0.597771129092
36,0.6181070377570596,0.6987398340434815,0.5945620724725661,0.62029,0.7720744644059999,0.558648375855,0.578970554029
37,0.6300173902665713,0.678537399508173,0.611908528976517,0.60336,0.846627126797,0.549209412014,0.5679209262830001
38,0.6715343217828051,0.6697949766087803,0.6079358503133874,0.5934,0.9580562360799999,0.572663134872,0.591510424162
39,0.723513480837932,0.71049358916327,0.6776052952982167,0.61465,1.07131992135,0.669553879164,0.693052393291
40,0.8311878044023787,0.8644311601139486,0.8617037010534702,0.70612,1.31835994112,0.8517877327910001,0.88124669067
41,1.0412536699085864,1.142819621561416,0.9914875138786471,0.87564,1.3821674995299997,1.04584836415,1.08477787466
42,1.3391152041190246,1.3888506462672954,1.1465647938071184,1.0590000000000002,1.2947212023,1.12706941408,1.17046449075
43,1.483009555820344,1.3904483735024356,1.186644481676108,1.1362,1.31868047623,1.12897180111,1.17048797013
44,1.313830813302852,1.3035859593089345,1.1386027799442509,1.1362,1.2980146862200002,1.02543649366,1.06039819018
45,1.1964090748478704,1.183555820729462,0.914775551465376,1.037,1.03922147412,0.8414363360609999,0.8687909510330001
46,1.0054481510570252,0.9702511176948267,0.6706894682058235,0.8644200000000001,0.823877266349,0.6653298413759999,0.6828033689759999
47,0.7481214644922192,0.7611859872876556,0.5151226707017609,0.69689,0.597108429938,0.46946621825,0.476494476511
48,0.5933318215859154,0.5266400452189022,0.33586324354133823,0.51105,0.485107653273,0.39109588357299996,0.392304672264
49,0.39341401565815237,0.4388233187611914,0.340376711845136,0.43521000000000004,0.422390155251,0.36418822549,0.365365622227
50,0.4574111678994275,0.4140130802885407,0.39307008886950345,0.41095,0.403546281914,0.362643546563,0.363971280874
51,0.47629265753832795,0.41440833632084356,0.4517997790496608,0.40968999999999994,0.396033082074,0.382792735542,0.384333558652
52,0.5486729587138341,0.43981792603273384,0.5046930495995317,0.42803,0.515691092034,0.541593133799,0.54383888315
53,0.587445666384889,0.6333012563476458,0.8376597492100328,0.57171,0.764689650485,0.858875440968,0.8673056568340001
54,0.8561185730110696,1.0240156247527925,0.9652691854649673,0.86308,0.9069595947429999,1.0220529465600001,1.02623495069
55,1.2320061928229866,1.1990535933543618,1.0871867745451373,1.0062,0.832677232705,0.9219556839,0.925751716681
56,1.193765825276784,1.0815970291140173,0.767934805034729,0.9157299999999999,0.741507991231,0.7662700502959999,0.769413757965
57,0.9532006115030818,0.8958602577566857,0.6004496824421718,0.7749,0.737632146869,0.6933167240629999,0.695939823096
58,0.7393869209819998,0.8102576161346609,0.6344082842853382,0.70872,0.776567880977,0.640040581131,0.642220468476
59,0.6916046437110709,0.747298121883909,0.6166333376190645,0.66033,0.8013907546060001,0.597771129092,0.599441884593
60,0.6209006964549899,0.697564587152564,0.5963680845570607,0.6218,0.850935679349,0.578970554029,0.580337570933
61,0.6342342306921875,0.6775469352668755,0.6136599489100374,0.60459,0.922437119702,0.5679209262830001,0.569029034047
62,0.6763759631107766,0.6688171509609157,0.6096825843324103,0.5944,1.12596132146,0.591510424162,0.5927080572919999
63,0.7284282172686979,0.7098473778723686,0.6797948449724796,0.61573,1.1802658698200001,0.693052393291,0.6943372156409999
64,0.8348717182612203,0.8637994828322916,0.8639609013331406,0.70728,1.43105072539,0.88124669067,0.882993378473
65,1.0421510148517787,1.143669860429324,0.9943509767266686,0.87721,1.44656690323,1.08477787466,1.08692634433
66,1.3366131536517543,1.3897995823437257,1.1486654066797557,1.0609,1.4021692815,1.17046449075,1.17271175878
67,1.4783170321838193,1.39173587528758,1.1891206239661951,1.1382,1.3555654847299998,1.17048797013,1.17261451139
68,1.310707912980238,1.3055701174748227,1.1404333426319497,1.1381,1.30741412813,1.06039819018,1.06233463965
69,1.1939697878260043,1.185179134747997,0.9165943966401543,1.0388,1.07103047531,0.8687909510330001,0.870406988162
70,1.0051459282122055,0.9703192573171966,0.6721399045143637,0.86587,0.852637164248,0.6828033689759999,0.684038980889
71,0.7496648098398089,0.7612140791966686,0.5162007860110808,0.698,0.617938637379,0.476494476511,0.477197219445
72,0.5959767290459757,0.5285959300248808,0.33641017825015385,0.51168,0.50729788239,0.392304672264,0.38992383512199996
73,0.3967780460781873,0.4355479943482512,0.3361542496599115,0.43306999999999995,0.452754625476,0.365365622227,0.36357262975500004
74,0.45980536045821113,0.4120393281798178,0.39085386066258077,0.40933,0.42382975669699996,0.363971280874,0.36197501184299996
75,0.4775834274964489,0.413079096728046,0.4494185946535969,0.40789000000000003,0.420438671931,0.384333558652,0.38024506763000004
76,0.5486486975899494,0.4390541494213588,0.4981783470351381,0.42435,0.537918085058,0.54383888315,0.531156662438
77,0.5863094222241094,0.6325209833592921,0.8173090298101972,0.56029,0.786878095551,0.8673056568340001,0.838191739208
78,0.8531657275268183,1.0222807468622135,0.9490766555247995,0.83686,0.928699438597,1.02623495069,0.9887072504090001
79,1.2276682003968586,1.2010853818268412,1.037828845573899,0.97244,0.866838147257,0.925751716681,0.88620671316
80,1.1907187682273286,1.0847319291633304,0.7300962514813862,0.8801100000000001,0.805914684408,0.769413757965,0.7342153610590001
81,0.9528139903999223,0.8984247799745735,0.5699395050792544,0.7432,0.830632742106,0.695939823096,0.666471753292
82,0.7412778678876006,0.81162093086437,0.6135255026923704,0.68218,0.8211600635799999,0.642220468476,0.618227323485
83,0.6946099208831626,0.7477552287275284,0.5992217074183365,0.63872,0.864767639388,0.599441884593,0.578886421381
84,0.6243233092655628,0.6971237476623422,0.5780824075308197,0.60328,0.92349799845,0.580337570933,0.562756476833
85,0.6372936660972779,0.6769669179352862,0.5975347028329656,0.58875,1.01007898822,0.569029034047,0.553106982536
86,0.6784263444136347,0.6682420178647693,0.591977511977973,0.58006,1.1273208727,0.5927080572919999,0.576659201297
87,0.7295051374570212,0.7095656707134426,0.6599894399763355,0.60128,1.24181968419,0.6943372156409999,0.673859681002
88,0.8348241085888026,0.8636751040438657,0.8338502940766206,0.68883,1.48745794625,0.882993378473,0.856911588321
89,1.0409991032130612,1.1446691137325478,0.9693710631349639,0.85372,1.5266597670200002,1.08692634433,1.05181212051
90,1.3347291905690004,1.3910942280201959,1.110272200449129,1.0293,1.4292284954199999,1.17271175878,1.13301380613
91,1.4765888526089204,1.3935126581041954,1.1487982798384897,1.1024,1.4186154344100002,1.17261451139,1.1349187294499998
92,1.3105166297092212,1.307730543468835,1.104843515943672,1.1041,1.35963141193,1.06233463965,1.03119998882
93,1.1952976521919312,1.1873834646282617,0.892065055093227,1.0107,1.12261835516,0.870406988162,0.845448113518
94,1.0075442104919037,0.9714360107686907,0.6511197490892051,0.84339,0.898747561197,0.684038980889,0.6681621220449999
95,0.7529173888715678,0.7620127817195178,0.5054068546705025,0.6837,0.6676621728190001,0.477197219445,0.47129149563199996
96,0.5990237394572685,0.5307573190913979,0.33441373765022103,0.50636,0.488643729471,0.38992383512199996,0.389419399938
97,0.3992373327246793,0.434713992378508,0.3404430977373887,0.43262,0.44201151306,0.36357262975500004,0.362879258011
98,0.4608280486459091,0.41116780207703574,0.39317507125677187,0.40871,0.39556670552900003,0.36197501184299996,0.36123220036799997
99,0.47756963373903594,0.41270977537888476,0.44922886104183823,0.40723000000000004,0.367427991315,0.38024506763000004,0.37905537548199997
100,0.5496171893951529,0.44011222215915646,0.4940392672468624,0.42328000000000005,0.382926721302,0.531156662438,0.5294606459800001
101,0.5895321333890731,0.6356297222592493,0.8124992009344141,0.55876,0.43596421615099995,0.838191739208,0.8301732687369999
102,0.8558083304698035,1.02580193746933,0.9371599461648923,0.82963,0.569301418297,0.9887072504090001,0.9881181330940001
103,1.236954174211396,1.2097347566839431,1.0425719419362223,0.97191,0.529955460555,0.88620671316,0.887310964557
104,1.1960549048740683,1.0949124548235238,0.7315546431788689,0.8811,0.558791381693,0.7342153610590001,0.735397206619
105,0.9525404823497713,0.9038872234029788,0.570952559365637,0.74426,0.6315620180170001,0.666471753292,0.667446188576
106,0.7462416850136107,0.8147530760146675,0.6141014107874339,0.68305,0.6771127398450001,0.618227323485,0.6190630674809999
107,0.6963832822421224,0.7494072100949933,0.5991417738921492,0.63947,0.7172033263609999,0.578886421381,0.579524873367
108,0.6272896092333959,0.6976640218590213,0.5777052125216992,0.6038600000000001,0.802970131101,0.562756476833,0.563308341222
109,0.637746757721046,0.6768961908282025,0.5973968937164227,0.58925,0.8991126158759999,0.553106982536,0.553693676493
110,0.6787162654067121,0.6679205384167483,0.5920031752268172,0.5805899999999999,0.9997587832829999,0.576659201297,0.577197404989
111,0.7284703021658344,0.7092601910266971,0.6599582991515867,0.6017600000000001,1.09387253338,0.673859681002,0.674528629471
112,0.8341980113809171,0.8635278317684438,0.8341253729525343,0.68943,1.27068620953,0.856911588321,0.857838848778
113,1.0404644297848733,1.145513796529673,0.9696028979555457,0.85455,1.25004405616,1.05181212051,1.05285454919
114,1.3410702268224997,1.3952146500968727,1.1112335112754002,1.0302,1.10912096955,1.13301380613,1.1339140546
115,1.4739284022588852,1.39638336747662,1.1495621771899702,1.1032,1.1150617045,1.1349187294499998,1.13556346376
116,1.3153833511866981,1.310620649929188,1.1053045255633598,1.1047,1.1114520003,1.03119998882,1.03155480514
117,1.1964249319405442,1.1901701759606595,0.8921439554350513,1.011,0.907378742453,0.845448113518,0.845456032952
118,1.011470469017787,0.9734314884406807,0.6508933681639525,0.8434,0.7313051375090001,0.6681621220449999,0.667837518101
119,0.7554305107984625,0.7638320075212535,0.5048857467575757,0.6834100000000001,0.5691005456270001,0.47129149563199996,0.470814461884
120,0.6061522427127928,0.5355073136581417,0.3338933649728334,0.50593,0.48366531555799996,0.389419399938,0.389151283744
121,0.4066075805127941,0.4403609411383397,0.34028545971695934,0.43237,0.433203522838,0.362879258011,0.36275855914300004
122,0.47044822297446837,0.41874610623976327,0.3932142443663357,0.4086,0.3977005093,0.36123220036799997,0.361237308979
123,0.48872472053874905,0.42326904230358325,0.44942659617321984,0.40723000000000004,0.371275325557,0.37905537548199997,0.37927155971999993
124,0.5600562775196457,0.45230323249634397,0.4945092322387592,0.42348,0.38927116533399997,0.5294606459800001,0.5303903253019999
125,0.6008915016240786,0.647641747805437,0.8140418897342598,0.5596,0.463867092416,0.8301732687369999,0.832548643534
126,0.8708093905716687,1.0402172897537323,0.9385146670512328,0.8317700000000001,0.573017251817,0.9881181330940001,0.990954731212
127,1.2551533928803935,1.2262896956096658,1.0461880585837187,0.97446,0.51462390422,0.887310964557,0.889767302431
128,1.2157030936520017,1.112868996996516,0.7334794795024043,0.88331,0.5333380415569999,0.735397206619,0.737339606548
129,0.9700293979257284,0.92493794165378,0.5723800154974206,0.7460100000000001,0.600530015292,0.667446188576,0.669085620907
130,0.7616741628749998,0.8336397553850715,0.6152553120390123,0.68453,0.63499830915,0.6190630674809999,0.620270496797
131,0.707372712105277,0.7645209770041759,0.5998664957962121,0.64056,0.682103637319,0.579524873367,0.580801294904
132,0.6361658991274275,0.709264184472386,0.579303520507918,0.60501,0.748390583339,0.563308341222,0.5645682764150001
133,0.6406249667087438,0.6844853234564182,0.5987786832608579,0.59038,0.861499740648,0.553693676493,0.554885606933
134,0.680162748417605,0.6722047150501704,0.5932603818726601,0.5816600000000001,0.9785668905500001,0.577197404989,0.578424410837
135,0.7312451565883948,0.7129468786347939,0.6614034551452282,0.60287,1.0678735538200002,0.674528629471,0.6758137307709999
136,0.8421739168964274,0.8695221247819228,0.8356090508516146,0.6905899999999999,1.2769146767,0.857838848778,0.859286540525
137,1.0533012426171244,1.1571140960492783,0.97123783669972,0.8558600000000001,1.2458547191399998,1.05285454919,1.05462681465
138,1.3770516374324315,1.4164901443602638,1.1130305202133552,1.0318,1.10632347553,1.1339140546,1.13572659936
139,1.4808801552103297,1.4165942049977707,1.1514026791690621,1.1049,1.13088579751,1.13556346376,1.1372548421100002
140,1.3402851624663688,1.3298014211387406,1.1068487238844882,1.1062,1.1281387786,1.03155480514,1.03322529763
141,1.2122342069594954,1.210348590887948,0.8938346968230108,1.0125,0.982905562549,0.845456032952,0.847065621891
142,1.0357292713923087,0.9952828571943441,0.6524736375370744,0.84485,0.806356095583,0.667837518101,0.669189500424
143,0.7763696430083808,0.7882943977180189,0.5060933203212351,0.68462,0.616397602864,0.470814461884,0.471736810925
144,0.6284142489004454,0.5609759753957345,0.33462930538391217,0.50676,0.528444223146,0.389151283744,0.389851528451
145,0.4390724269956643,0.4700187657446222,0.3407732016132864,0.43301000000000006,0.465826369345,0.36275855914300004,0.36349854068099996
146,0.49024936698962973,0.44678029873766606,0.3938658247350957,0.40926999999999997,0.417746143759,0.361237308979,0.36191086777599996
147,0.5142614052872487,0.44909497121718833,0.4500070612731606,0.40784000000000004,0.389253740457,0.37927155971999993,0.380202745078
148,0.5827791637609078,0.4781546230017684,0.49587677610799047,0.42431,0.413915376223,0.5303903253019999,0.531910258296
149,0.6309228121537035,0.6759673473316996,0.8161355919610667,0.56097,0.487432251747,0.832548643534,0.838726739094
150,0.9152500463714324,1.077656140917143,0.944732625809717,0.83734,0.593651021232,0.990954731212,0.994100626675
151,1.3210935369020846,1.27868320292729,1.0478710323000926,0.97729,0.549131380421,0.889767302431,0.892696522419
152,1.2740702716289816,1.1713527896704448,0.7364810319539605,0.88595,0.550395643492,0.737339606548,0.739812643434
153,1.0344547773429649,0.988870631915148,0.5744036409598187,0.74824,0.6056145292580001,0.669085620907,0.671030202738
154,0.805086785426189,0.8923006993341482,0.6164365371981165,0.68628,0.646382474098,0.620270496797,0.621891220313
155,0.746610478523792,0.8147339854108513,0.6014002270657169,0.64202,0.684143313854,0.580801294904,0.581873269187
156,0.6606612539530077,0.748941624462954,0.5801094645599347,0.60597,0.710322815136,0.5645682764150001,0.56520348127
157,0.6670567798745363,0.718482192242798,0.599332298680549,0.59096,0.770868836397,0.554885606933,0.555184798746
158,0.7006583541887482,0.7030160648422632,0.5938617002844837,0.5819300000000001,0.810912713417,0.578424410837,0.578718534984
159,0.7527987320369556,0.7411232962140473,0.6623920384775075,0.60313,0.8882163728929999,0.6758137307709999,0.6763193276039999
160,0.8647680504053111,0.8959224290956465,0.8371187321980366,0.69105,0.9376889152700001,0.859286540525,0.860491381833
161,1.087504564071098,1.1914806332717103,0.9732232503182777,0.8569399999999999,0.979973854508,1.05462681465,1.0562622711
162,1.4152451051567623,1.4445549571454575,1.1146013292329522,1.0333,0.945985322437,1.13572659936,1.13730229683
163,1.5365264678588937,1.4600671278149349,1.1530683439249068,1.1063,0.995965675243,1.1372548421100002,1.13868594469
164,1.3936496815808277,1.382847442084381,1.1080477733952332,1.1075,1.01403903551,1.03322529763,1.0344607315899998
165,1.2596101874504688,1.2634991284531374,0.8949188753577699,1.0136,0.828095907777,0.847065621891,0.847991642449
166,1.069058098765679,1.0413869306823842,0.6532280256879885,0.8456799999999999,0.671918698405,0.669189500424,0.669694518955
167,0.8011622732580863,0.8256079127820288,0.5063913320046656,0.68508,0.478231117024,0.471736810925,0.472032349481
168,0.6351533326926483,0.5891432226986697,0.33488931812756345,0.50703,0.39067462333499997,0.389851528451,0.39000197889300003
169,0.4219568718446671,0.47400548702832146,0.3408233041526903,0.43313999999999997,0.351298509839,0.36349854068099996,0.363476503025
170,0.488800464126943,0.4452285156397678,0.3936078565612954,0.40925,0.321356439854,0.36191086777599996,0.362110456751
171,0.5059670936071261,0.4462237274921082,0.45043966976855443,0.40802,0.306936704301,0.380202745078,0.380378905203
172,0.5836167641431145,0.4759063060332442,0.4961117966005495,0.42446999999999996,0.333118643008,0.531910258296,0.53297220443
173,0.6307637293836905,0.6766672828614504,0.8183881360343166,0.56192,0.390742271009,0.838726739094,0.840534649324
174,0.9195769705589809,1.08020191170524,0.9451826197915375,0.8389700000000001,0.46323532315,0.994100626675,0.9966070415520001
175,1.324993382905237,1.2743037237208532,1.0515766092707126,0.97955,0.38804973012599997,0.892696522419,0.8952152666069999
176,1.293388789379787,1.1728402441321528,0.7386415371571295,0.8882200000000001,0.352113531492,0.739812643434,0.742388062977
177,1.0308714258477447,0.9873058674164125,0.5770476901776738,0.75056,0.393180415139,0.671030202738,0.673486235152
178,0.8097423116004969,0.8923242370721264,0.6187139973872136,0.6884899999999999,0.41125134500200006,0.621891220313,0.624143035658
179,0.7428166020383714,0.8168738406407278,0.6033216150951074,0.64405,0.45163749476099996,0.581873269187,0.5842684537089999
180,0.6613369546966301,0.7538708859287775,0.5826844788577173,0.6081300000000001,0.513508825763,0.56520348127,0.567848093405
181,0.6737723558854389,0.7274908886570547,0.6022672420528816,0.59334,0.581603516248,0.555184798746,0.5579244791920001
182,0.7166114326455076,0.7181664633300394,0.5965318195364585,0.5844,0.630837412139,0.578718534984,0.581434204237
183,0.7697358824061354,0.7603572469896239,0.6649043570956805,0.60558,0.713484897855,0.6763193276039999,0.679335492507
184,0.8833554858408874,0.9168443067666393,0.8404419956834306,0.69376,0.8311432769429999,0.860491381833,0.864712786212
185,1.1026883695537841,1.211669886072951,0.9774609795707333,0.86075,0.8845823270219999,1.0562622711,1.0597052648799998
186,1.4330745435869585,1.4578519243646662,1.117351319326376,1.0364,0.8197440354369999,1.13730229683,1.1407638368200002
187,1.5475208750313476,1.469581947526429,1.156993448607899,1.1094,0.874206035836,1.13868594469,1.14181244342
188,1.404168086369298,1.3898202450213435,1.110478607787028,1.1103,0.892824102489,1.0344607315899998,1.0371654399099999
189,1.264810950137579,1.2696586447125706,0.8973993437255541,1.0161,0.7371007561390001,0.847991642449,0.8500882860269999
190,1.0741431075161214,1.04922859288718,0.6549257461814044,0.84757,0.5778821519,0.669694518955,0.671397708227
191,0.8026426212280766,0.8321507470300766,0.5078861171503408,0.68661,0.41968130877099996,0.472032349481,0.472980063241
192,0.6357859758127621,0.5940883417042191,0.3355787449096814,0.50788,0.336360562903,0.39000197889300003,0.393658372922
193,0.4114398910378545,0.4780190037783418,0.34607168773132474,0.43643000000000004,0.319353237752,0.363476503025,0.36631250992799996
194,0.49328543710249817,0.44743375100905436,0.3963547403676986,0.4118,0.31510600982799997,0.362110456751,0.36490523871299996
195,0.5053636950344431,0.4471349384084069,0.4531941402384695,0.41053,0.307071479954,0.380378905203,0.386004083073
196,0.5891072913778416,0.4765132906696641,0.5055189539450365,0.42954,0.33328935905900003,0.53297220443,0.549788259493
197,0.6279477000068769,0.6764171170019917,0.8453108014849435,0.57707,0.390816227666,0.840534649324,0.8763540142640001
198,0.8995769692615787,1.0710547576375298,0.9650563531071221,0.87123,0.463209174279,0.9966070415520001,1.0416799595100001
199,1.270412994906721,1.240889172996646,1.1101444505398095,1.0202,0.388045516233,0.8952152666069999,0.9404798734200001
200,1.2477341046703059,1.1188739842167295,0.7801841193982264,0.92899,0.359217282342,0.742388062977,0.782320802881
201,0.984803561802224,0.934714816946618,0.6115051467038172,0.7865300000000001,0.408471471723,0.673486235152,0.7070113512970001
202,0.7800309215059216,0.8507454879400183,0.6426404139720692,0.7186899999999999,0.440658387215,0.624143035658,0.651707765463
203,0.7209444574331204,0.7876840907744512,0.6240048692930822,0.66888,0.483285356171,0.5842684537089999,0.607814051492
204,0.6524485179866771,0.738028692117306,0.6036798449648181,0.62934,0.546249887472,0.567848093405,0.588028597823
205,0.6600538815954313,0.7147210959417131,0.6210120425500062,0.61152,0.616913299984,0.5579244791920001,0.576219626774
206,0.7059671626687509,0.702524396773147,0.6170811969340773,0.60088,0.694306547018,0.581434204237,0.600027087516
207,0.7542452731007714,0.7421493845094206,0.6881785666759045,0.62232,0.8084997252789999,0.679335492507,0.702781429173
208,0.867610580573471,0.8977560351115177,0.8746121283028265,0.7148800000000001,0.961880609261,0.864712786212,0.892781812074
209,1.0747834028508774,1.1907700787467088,1.003766348544044,0.8860299999999999,0.9765123351980001,1.0597052648799998,1.09875954482
210,1.3966520435725038,1.425575464770048,1.1611984284122578,1.0716,0.9146100359880001,1.1407638368200002,1.18462548764
211,1.493221009503408,1.4246284732838879,1.2005765227980936,1.1489,0.9672335985670001,1.14181244342,1.18337843745
212,1.3473819549303154,1.3350695704716204,1.150301997261582,1.1478,0.981128089576,1.0371654399099999,1.07152138509
213,1.2126973288383271,1.2141793581412181,0.9242531828294729,1.047,0.807101270201,0.8500882860269999,0.8773071753030001
214,1.030172313921347,0.998559781658455,0.6776651693603355,0.8720899999999999,0.628788190476,0.671397708227,0.688262984066
215,0.770855442618725,0.7885793981543016,0.5190852646215154,0.7018,0.45800810352,0.472980063241,0.47859753886699996
216,0.6234098593025775,0.5608939475384558,0.3368528726773392,0.51294,0.38435373633299996,0.393658372922,0.478937232525
217,0.4268444607516162,0.4732819463820093,0.4932932972721149,0.51325,0.32955075347,0.36631250992799996,0.39310495813699997
218,0.49617518338183664,0.4487722107376717,0.3892119335669397,0.43593999999999994,0.314974350964,0.36490523871299996,0.365631245994
219,0.518931691465348,0.45030495959401684,0.41615886455021806,0.41118999999999994,0.30687438202,0.386004083073,0.36420748866499997
220,0.5949970897495913,0.48023955028440696,0.4549611549825145,0.40991000000000005,0.333033632357,0.549788259493,0.38539668252099996
221,0.6373834682616497,0.6808806654371228,0.49903511128458783,0.42899,0.390555784469,0.8763540142640001,0.549818920367
222,0.9040259706054783,1.0764474444648224,0.8395839286725546,0.5771,0.47104732755199996,1.0416799595100001,0.8776480521600001
223,1.29630994001006,1.2659622628255436,0.9585930544964356,0.8724,0.420099150523,0.9404798734200001,1.04355517334
224,1.2301510724123463,1.1312583956016182,1.1151501335147525,1.0218,0.40467556015699996,0.782320802881,0.941982642662
225,1.0047689569916998,0.9457251153725128,0.7807553228941946,0.93035,0.427236349864,0.7070113512970001,0.7834254864329999
226,0.7722438677660505,0.8577578447349113,0.6121252306955657,0.78752,0.484424745405,0.651707765463,0.707819086058
227,0.7289935067949147,0.7905655250301227,0.6428947331941285,0.71942,0.525148114801,0.607814051492,0.6522883621
228,0.6523536386482587,0.7376556619689323,0.6239623552912358,0.6694,0.577704880767,0.588028597823,0.608181400499
229,0.6662558717839087,0.7139991825633611,0.6034734247390116,0.62967,0.655109944613,0.576219626774,0.588276693239
230,0.7031310309288799,0.6983929414281094,0.6208945865556902,0.61174,0.733703510978,0.600027087516,0.576389063803
231,0.7572770055036494,0.7384174925652172,0.6169647740177611,0.6010300000000001,0.815493981377,0.702781429173,0.600358195809
232,0.8708648292198308,0.8969160400085807,0.6886592070836804,0.62262,0.9517425437070001,0.892781812074,0.703404909638
233,1.083785188697059,1.1981285441780893,0.8752009446107101,0.71544,0.9873869737890001,1.09875954482,0.894428141488
234,1.415041438659825,1.4395203523489033,1.0054223366474386,0.88751,0.9055350965379999,1.18462548764,1.10059085623
235,1.5006007989334114,1.4410934181359978,1.1625323900933662,1.0732,0.945781897553,1.18337843745,1.1866817600700001
236,1.3654776327468015,1.3553236544961607,1.2030848498373408,1.1508,0.944381178822,1.07152138509,1.18513565829
237,1.227557841840991,1.2352892232501476,1.1514416732897765,1.1494,0.768547233685,0.8773071753030001,1.07315418085
238,1.058568376155715,1.0234983447384631,0.9259614199982591,1.0485,0.622808516383,0.688262984066,0.878665919924
239,0.7970305581846949,0.8165364978102473,0.6788381923468021,0.87331,0.44958826977399996,0.47859753886699996,0.689295071856
240,0.6554655997933378,0.5902719082336532,0.5199269266051733,0.70273,0.367474382646,0.478937232525,0.47345832463999993
241,0.45779783638539656,0.5003514409728969,0.3292300187511106,0.50832,0.328919077163,0.39310495813699997,0.390564457505
242,0.5287437412952609,0.4788633406772691,0.3380087230294444,0.43365,0.314971719542,0.365631245994,0.363781240652
243,0.5482585531208518,0.4812594521350965,0.3907069805563015,0.40952,0.306909103821,0.36420748866499997,0.36233061552699997
244,0.6229580130551786,0.5109975977975721,0.44988125317821753,0.40821999999999997,0.333049788145,0.38539668252099996,0.381139709153
245,0.6614239938373907,0.709571994160949,0.5001056124901332,0.42516000000000004,0.390595141271,0.549818920367,0.535423768992
246,0.929906723520544,1.1086621983142835,0.825589609996437,0.56413,0.47176474747100006,0.8776480521600001,0.843516278734
247,1.3237763261763535,1.2938321633593564,0.9489318268196727,0.84165,0.449336840964,1.04355517334,1.00308927968
248,1.2507026237770298,1.1660166963756406,1.060059610120405,0.98539,0.431963495353,0.941982642662,0.901200765642
249,1.0213756362311774,0.9697093899817113,0.7436525041243782,0.89361,0.469377935963,0.7834254864329999,0.747328891713
250,0.7851547717831782,0.8747105139929534,0.5809998510425165,0.7550100000000001,0.512049229311,0.707819086058,0.677440438413
251,0.7459889604841344,0.8059448268069641,0.6211883194306973,0.69206,0.555925623658,0.6522883621,0.6276012140380001
252,0.6649272419224607,0.7500036657215741,0.6064890896301068,0.6471600000000001,0.623866417704,0.608181400499,0.5869096443890001
253,0.6798870455154686,0.7244744718948493,0.5847827685214091,0.61051,0.707766967308,0.588276693239,0.5698746910570001
254,0.7122060073441672,0.7089742395472377,0.6040910479815568,0.59516,0.800577804426,0.576389063803,0.559570687417
255,0.7659420028447455,0.749285974862171,0.5986291042755768,0.5858800000000001,0.8946217909090001,0.600358195809,0.5833044045260001
256,0.8731059573345195,0.9052215118709777,0.6679753205268739,0.60726,1.06774281924,0.703404909638,0.681579950995
257,1.086149037714998,1.2072606308331593,0.8437499346759343,0.6957899999999999,1.06737693293,0.894428141488,0.8669414997980001
258,1.4170251348815872,1.442209281538142,0.9799898228113362,0.86275,0.996493724562,1.10059085623,1.06371143409
259,1.5021725832921309,1.4456711925272012,1.1221402964929421,1.04,1.03080146084,1.1866817600700001,1.14502192871
260,1.3679172052320487,1.360515974452805,1.160929071849199,1.1132,1.00253961831,1.18513565829,1.14590080293
261,1.2318969578744763,1.2417785442425657,1.1146438758485069,1.114,0.8189883444220001,1.07315418085,1.04072684648
262,1.0614041443490598,1.0270013971018639,0.9003123081572764,1.0193,0.667761280204,0.878665919924,0.852828164041
263,0.8003481622985208,0.8186605955640207,0.6571353801958196,0.85004,0.491723615937,0.689295071856,0.673000270073
264,0.657144806988057,0.591398409026664,0.5088283017686968,0.68806,0.452526674298,0.47345832463999993,0.47350606214900004
265,0.45770307546348865,0.49809529567756017,0.33567152918364923,0.50836,0.411541722041,0.390564457505,0.39026067603299996
266,0.5210629595343943,0.4735249342737821,0.34006825226787873,0.43337,0.39289663531400004,0.363781240652,0.36339595998400004
267,0.5395536836492795,0.4737798294979972,0.39258980933955445,0.40917,0.379956955,0.36233061552699997,0.36180791201800006
268,0.6136882474121295,0.5027858488486012,0.449710861863329,0.40774,0.50856388669,0.381139709153,0.38069566690300005
269,0.6507879355883393,0.7006780665153653,0.4978977386915995,0.42476,0.713157147888,0.535423768992,0.535769874529
270,0.9184068550425537,1.1007045510714673,0.824364009813731,0.5644399999999999,0.9087707321140001,0.843516278734,0.845051036347
271,1.3186621552978992,1.281511864085286,0.9465379605528368,0.84303,0.83564070754,1.00308927968,1.00495294765
272,1.2436814304423092,1.1594764533976338,1.063744689167639,0.9870700000000001,0.7604778944830001,0.901200765642,0.902859983679
273,1.0199205207301276,0.963825671961371,0.744695918126022,0.8951100000000001,0.741924092757,0.747328891713,0.748645506067
274,0.7860736573030612,0.8720171199670854,0.5819192656223973,0.7562,0.766893565535,0.677440438413,0.6787049550059999
275,0.7394494689588237,0.8002202256629496,0.6222975634220357,0.6932,0.775448577413,0.6276012140380001,0.6284635301020001
276,0.6588878904555034,0.7415652451678505,0.6066255659567857,0.64794,0.8174786748790001,0.5869096443890001,0.5876087755430001
277,0.6709657197104232,0.7143381201037444,0.5851922554334644,0.61114,0.866772857351,0.5698746910570001,0.570514742025
278,0.7082452217715715,0.7022207340880819,0.6046237530091954,0.5957399999999999,0.955563657092,0.559570687417,0.560069967984
279,0.7616749428111924,0.7457079373591955,0.598909338109734,0.58633,1.06245824502,0.5833044045260001,0.583851109824
280,0.867604897704916,0.9029232202079936,0.6686575385761402,0.60775,1.2774356734299999,0.681579950995,0.682284810293
281,1.0805854702699271,1.206835247059265,0.8445812709892511,0.6964199999999999,1.33603786371,0.8669414997980001,0.868200835222
282,1.4153253652254103,1.4384699577216544,0.9813517359619456,0.8638899999999999,1.28114313576,1.06371143409,1.06520261099
283,1.5014146107117838,1.4433937146307128,1.1234255494364076,1.0413,1.30067973157,1.14502192871,1.1463496635100001
284,1.368405567450449,1.3598468240474075,1.1622849210621506,1.1144,1.28320334418,1.14590080293,1.14687959386
285,1.2336306157483623,1.2422580359688313,1.1152097417963978,1.1149,1.0414465934700001,1.04072684648,1.04149291288
286,1.060820650075743,1.026267499067222,0.9009616552052662,1.02,0.831885208038,0.852828164041,0.8531427405069999
287,0.8014741935681167,0.8180237249295581,0.6571719680534904,0.8503200000000001,0.5877422161420001,0.673000270073,0.6729642770759999
288,0.6559976228532982,0.5909739355085779,0.5086205133487558,0.68802,0.46920674048199995,0.47350606214900004,0.473521265367
289,0.45528017873369275,0.4948705076862499,0.33577013829933966,0.50837,0.407565493129,0.39026067603299996,0.38831607150499997
290,0.5204733877355073,0.4721978153457195,0.3369784730041595,0.43162,0.385635407406,0.36339595998400004,0.361519324308
291,0.5382465543350476,0.4746549118643831,0.39021965480724957,0.40748,0.39434378668799996,0.36180791201800006,0.35990602309
292,0.610356947621241,0.5020507212149006,0.4476700135631333,0.40603,0.523772239186,0.38069566690300005,0.378905765037
293,0.6494502555784346,0.698936163999903,0.49657960470928303,0.42315,0.75897866044,0.535769874529,0.534903039944
294,0.9185105263021017,1.1020425694478155,0.8248998335070481,0.56366,0.920910560532,0.845051036347,0.834646260219
295,1.2922673681092691,1.2658353842629269,0.9329838694826842,0.8336600000000001,0.8165929559289999,1.00495294765,0.979379423127
296,1.2545739057315104,1.1514302474987792,1.032838148259781,0.9640299999999999,0.7431688579699999,0.902859983679,0.8886825758269999
297,1.0093904242585932,0.9590015845062367,0.7405455689245246,0.88234,0.700045534198,0.748645506067,0.7484353840379999
298,0.7947503904226105,0.8686882048312383,0.596069093799558,0.7560100000000001,0.673933983316,0.6787049550059999,0.68151934999
299,0.7468677938512341,0.8040695011885145,0.6302369207120071,0.6957300000000001,0.678278526123,0.6284635301020001,0.631003792068
300,0.6760560111630993,0.7524029423573233,0.6061176352085393,0.65023,0.700980237024,0.5876087755430001,0.590001600719
301,0.6826732207117348,0.7286822548597693,0.5847504823299184,0.61329,0.726915232447,0.570514742025,0.572822908126
302,0.7175300181702955,0.7153582440639834,0.6047242186771217,0.59782,0.7282045093699999,0.560069967984,0.567834506641
303,0.7664178437578291,0.7551374622481811,0.6120564157672204,0.59333,0.809158453417,0.583851109824,0.611550376927
304,0.8737999352493803,0.9116587251049476,0.7223228705239612,0.6327,0.911137808096,0.682284810293,0.759567129658
305,1.0912944948854657,1.2200481088305857,0.9448753043082183,0.76603,1.11220038905,0.868200835222,1.01371964091
306,1.42463946518385,1.4495517210634223,1.082014315995105,0.99497,1.13442932825,1.06520261099,1.2202304062
307,1.5075745622688417,1.4513112480663053,1.2849602563951463,1.181,1.18447488361,1.1463496635100001,1.20033665687
308,1.3776532400744257,1.3680177023654805,1.122451705185231,1.1631,1.18100617817,1.14687959386,1.14727787962
309,1.2392844612731033,1.2494812346956683,1.0957058759640004,1.1153,0.974987536399,1.04149291288,1.04366540037
310,1.066414992036646,1.0328207835151524,0.9115459587488517,1.0219,0.761757013984,0.8531427405069999,0.851719138624
311,0.8042524798257,0.8230186002676406,0.6688526751113509,0.84904,0.523504126654,0.6729642770759999,0.67194462358
312,0.6571214698925014,0.5942354833668082,0.5249338233541432,0.68711,0.405923793456,0.473521265367,0.473948990232
313,0.4667993998995554,0.5014932716962157,0.3541104994012739,0.50876,0.35925157721600004,0.38831607150499997,0.38877231664399997
314,0.5189508575198732,0.4771818908678761,0.3484814526091933,0.43203,0.34022370871200003,0.361519324308,0.36202674477799995
315,0.5422366770519474,0.47800877632222305,0.39496322929484484,0.40794,0.345703997539,0.35990602309,0.360715487103
316,0.6115027699403052,0.5055284542141604,0.4511084924858414,0.40676,0.463862532337,0.378905765037,0.380256800897
317,0.6587539651665988,0.7045657053830368,0.5037631615488628,0.42436,0.7143262349930001,0.534903039944,0.53697100407
318,0.9456147851262808,1.113800913584622,0.8338670477902372,0.56553,0.8469062672959999,0.834646260219,0.838206036657
319,1.3789167350109064,1.3205561959539884,0.9431595163023475,0.8368700000000001,0.756224903286,0.979379423127,0.983036250518
320,1.2978620829747514,1.2097420119477929,1.0340942819116525,0.9673299999999999,0.71481135131,0.8886825758269999,0.891856574608
321,1.0738050970372945,1.017600922414307,0.7439035427416143,0.8852,0.6916909534669999,0.7484353840379999,0.751158160359
322,0.8299199339763104,0.9211330745903653,0.5984111815237283,0.75846,0.6844540348929999,0.68151934999,0.683757941416
323,0.777219918389909,0.8446713929583095,0.631925042528442,0.69775,0.675258100894,0.631003792068,0.632776061322
324,0.6842637281736441,0.7781631110466347,0.6080553655551237,0.65182,0.70516888077,0.590001600719,0.591474278911
325,0.6912038814305802,0.7447303302713584,0.586727319073744,0.6146199999999999,0.739759130432,0.572822908126,0.573960479476
326,0.7211587974635305,0.7277071163349964,0.6062095261333101,0.5988399999999999,0.8206285925650001,0.567834506641,0.56879315175
327,0.7752993096342162,0.7671545495020176,0.613805501467986,0.59419,0.940623054286,0.611550376927,0.6127807682649999
328,0.8863085639706688,0.9265027897169169,0.7248735738456438,0.63381,1.0689226079799998,0.759567129658,0.7612012928730001
329,1.1116689881184771,1.2383715724739535,0.947742065333049,0.76751,1.16085896982,1.01371964091,1.0162562057100002
330,1.4519655319332028,1.4698809551062215,1.0850514850190973,0.99725,0.9814493404729999,1.2202304062,1.22308725114
331,1.5565798500738681,1.484339083431016,1.2879239815159227,1.1836,0.9178060494370001,1.20033665687,1.20324715546
332,1.4212162681655371,1.4085442686556497,1.125313520254605,1.1657,1.0787301873100001,1.14727787962,1.1502268925399999
333,1.280218120818211,1.2909817356256623,1.0987368625709666,1.1179,0.885799002004,1.04366540037,1.0467271573
334,1.0913522876274286,1.069201093261103,0.9147340995422514,1.0247,0.688430049575,0.851719138624,0.854661992086
335,0.8195014773582161,0.8509006551504181,0.6717390785116446,0.85169,0.46139237639499997,0.67194462358,0.674309293048
336,0.6529480919803548,0.6123248588075798,0.5269904510765897,0.68924,0.359916619098,0.473948990232,0.475880942125
337,0.4361095785842824,0.4943570247002254,0.3558219607067176,0.5105,0.336825824071,0.38877231664399997,0.390528335206
338,0.5026885824148373,0.4627699572417232,0.3500453453423657,0.43361000000000005,0.334461939578,0.36202674477799995,0.365751314369
339,0.5174797533482016,0.4607779481929073,0.40016877463838585,0.4113,0.34607816569300004,0.360715487103,0.368203454349
340,0.5946566451435492,0.4870048370461857,0.4633144442234052,0.41351000000000004,0.46222789514,0.380256800897,0.389348758792
341,0.6402081621492218,0.6869395605752417,0.5140741403617896,0.43255,0.6865766229449999,0.53697100407,0.54799659233
342,0.9300152884018292,1.0995669318393442,0.8434885106292274,0.5754600000000001,0.799082827042,0.838206036657,0.8495744419619999
343,1.350796031376251,1.2846054814188377,0.949574376294654,0.84711,0.707091538692,0.983036250518,0.989580281725
344,1.2823563835796348,1.1751261675818068,1.0403278494232568,0.9732200000000001,0.641522604363,0.891856574608,0.8951656477399998
345,1.054378575851663,0.9887731122235174,0.7441925375723195,0.88818,0.642458329685,0.751158160359,0.754086097907
346,0.8202653417184382,0.9002462236895188,0.601229595705307,0.7611,0.63599386211,0.683757941416,0.686177011448
347,0.7669057197554868,0.831762837800639,0.6336303127083941,0.69993,0.627579480029,0.632776061322,0.6348993327579999
348,0.6790773421375912,0.7730128079660046,0.610277511929032,0.65374,0.656207202533,0.591474278911,0.593269065875
349,0.6868972451749701,0.7441085378540889,0.5886407350040528,0.61624,0.704294947176,0.573960479476,0.5755306338849999
350,0.7222129700988641,0.730483995451552,0.6080068780678909,0.60026,0.7569602646860001,0.56879315175,0.570278829114
351,0.77544816599299,0.7705905584314493,0.615849088950922,0.59553,0.861970312569,0.6127807682649999,0.6140853706830001
352,0.886741821715215,0.9288317140308219,0.7264290751301082,0.6349899999999999,1.0238224686,0.7612012928730001,0.762584173963
353,1.106628491747887,1.2365263042819121,0.9504080907918456,0.76875,1.12679993949,1.0162562057100002,1.0182032293899999
354,1.4333586091031567,1.4592384535422291,1.0872561436135602,0.9990000000000001,1.10735577663,1.22308725114,1.22523658351
355,1.5532069026211501,1.468944719152978,1.2902830454270648,1.1855,1.13512971291,1.20324715546,1.2053315551700001
356,1.406345772926493,1.3908999287679638,1.1271596955808485,1.1676,1.1222303225499999,1.1502268925399999,1.15205204571
357,1.2688566597411857,1.2729053137405997,1.1003003520060932,1.1196,0.912172141167,1.0467271573,1.04814946432
358,1.0742835804077229,1.0532513895183124,0.9158217000804544,1.026,0.707449629473,0.854661992086,0.855723212463
359,0.8042895934894816,0.8354958806747006,0.6727317856536856,0.85265,0.480074537048,0.674309293048,0.675058226909
360,0.6376086362044036,0.5976031828134599,0.5277230251321652,0.68991,0.37905760505099995,0.475880942125,0.482336575739
361,0.4112385175592596,0.4811070865029838,0.3647635628178714,0.51631,0.336741476183,0.390528335206,0.39358933475599994
362,0.49669078404025,0.45089898520564764,0.35217899427057847,0.43637,0.334358040709,0.365751314369,0.366144154551
363,0.5083217300478977,0.45092686911498314,0.39814215679197534,0.41165,0.346076580811,0.368203454349,0.365805798275
364,0.5947561533843277,0.48013241496754283,0.4569828633432921,0.41135,0.46248455448,0.389348758792,0.389840951075
365,0.6356951828143399,0.6824043773331789,0.5196001457999693,0.433,0.687187096405,0.54799659233,0.5597003862650001
366,0.9120704967081369,1.0899560594643445,0.8674017263263778,0.586,0.8062867556479999,0.8495744419619999,0.8840450513760001
367,1.3075990477879473,1.253748948723208,0.9717734141518755,0.87816,0.736495541787,0.989580281725,1.03368155217
368,1.257452718647314,1.138806717900144,1.0975009704602856,1.0129,0.702218117243,0.8951656477399998,0.942103922052
369,1.0098445772339382,0.9500018914517154,0.7893569432167283,0.9304600000000001,0.6888907811020001,0.754086097907,0.795525652158
370,0.7923759451555075,0.8630278688069493,0.6365986956927112,0.79842,0.667096256725,0.686177011448,0.720799589015
371,0.7357487277738461,0.7987658097734212,0.6581793255303254,0.73111,0.668396398766,0.6348993327579999,0.663171852664
372,0.6603460721430113,0.7463744700845572,0.6313610733939554,0.6792,0.706351930958,0.593269065875,0.617396777163
373,0.6719452127022971,0.7240858918287629,0.6100265807458877,0.63797,0.766685357517,0.5755306338849999,0.5962930776650001
374,0.7065204537800835,0.7111445882626185,0.6272888344151649,0.6189600000000001,0.871441863301,0.570278829114,0.589217172914
375,0.7548515246894837,0.7481477771458187,0.6369557648550705,0.61259,0.961728121699,0.6140853706830001,0.633160680293
376,0.8732207032169016,0.9071819298070314,0.7501614216789725,0.65217,1.11416432499,0.762584173963,0.7867420575499999
377,1.0801420645464537,1.210827330060897,0.985125116779294,0.79051,1.20652295781,1.0182032293899999,1.04795541085
378,1.4061164454170954,1.4370474736807561,1.1145431702078628,1.0258,1.18595304111,1.22523658351,1.2653514434200002
379,1.5034339760409798,1.4313233971901707,1.333898717394055,1.2216,1.19259038666,1.2053315551700001,1.25068825005
380,1.3588698957792962,1.3423875155928713,1.1753020519629942,1.2084,1.16457378155,1.15205204571,1.1948775327299999
381,1.2225036436164776,1.223011603361317,1.1386326563092446,1.1581,0.947429241636,1.04814946432,1.08348038987
382,1.0409432342128293,1.0105303504529453,0.9439697278859779,1.0578,0.739468824945,0.855723212463,0.883656126146
383,0.777166503177625,0.800806458212883,0.6970785368357375,0.8778100000000001,0.513768622494,0.675058226909,0.6923912791590001
384,0.6277695525638084,0.5703587536736461,0.5403574248243781,0.70552,0.40404667774499997,0.482336575739,0.48174685937899997
385,0.42707402079122175,0.48099108204845603,0.3574038562295195,0.51578,0.352544064876,0.39358933475599994,0.39292951521700004
386,0.4951565308321262,0.45305542821242933,0.3491439056437984,0.43578,0.334374657262,0.366144154551,0.365441536267
387,0.515198827025255,0.45094559878317664,0.39491859073823593,0.41102,0.34600455392499996,0.365805798275,0.364263285296
388,0.5904853924797482,0.47714876677205875,0.4533018850935341,0.40996000000000005,0.462623909776,0.389840951075,0.386914034295
389,0.6310214508552039,0.6754825902624041,0.5164618906082589,0.43036,0.687921102882,0.5597003862650001,0.556789442768
390,0.8994061681996856,1.0808566087309424,0.8693233179798838,0.58338,0.823438146237,0.8840450513760001,0.88342921904
391,1.2736882194439214,1.2412460673335453,0.9742452301889691,0.8776,0.749194510854,1.03368155217,1.0354573870200001
392,1.2461248342354898,1.1217836695370078,1.0995422242318138,1.0145,0.720958329082,0.942103922052,0.943687247563
393,0.9850856927247111,0.9342403345813867,0.7906851489150246,0.9318799999999999,0.6983796878499999,0.795525652158,0.796801951381
394,0.77960674342696,0.8463369697706137,0.6376211792298455,0.79957,0.7039547527869999,0.720799589015,0.7216971365889999
395,0.7226894959143731,0.7826925708586397,0.6585883378755805,0.73192,0.7155863825100001,0.663171852664,0.6637303199310001
396,0.6529428758813198,0.7314107631343201,0.6317497654702148,0.67971,0.7573523814030001,0.617396777163,0.6177392142329999
397,0.6581377247834731,0.7053310647579388,0.6104496873760159,0.6382800000000001,0.8141045669179999,0.5962930776650001,0.596607794551
398,0.7075275628604482,0.6956018044184039,0.6279209897463466,0.61924,0.933019350919,0.589217172914,0.5893540601199999
399,0.7576654698419497,0.7430567809622667,0.6372256729985569,0.6127100000000001,1.06756237447,0.633160680293,0.633308886372
400,0.8643119654495769,0.8992210437344216,0.7507520003898455,0.6523,1.2488785597399998,0.7867420575499999,0.787043072015
401,1.0731618036229262,1.2022771140813786,0.9861054183110909,0.79078,1.33828306724,1.04795541085,1.04846729198
402,1.3913311675698723,1.429910354247268,1.115200065584664,1.0263,1.2324801134899999,1.2653514434200002,1.26606616229
403,1.4930363821632189,1.4259417614534646,1.3347280596979323,1.2223,1.2301359778899998,1.25068825005,1.2515974282
404,1.345902317493543,1.3370602811388483,1.1763063731522274,1.2092,1.20868352309,1.1948775327299999,1.19562106629
405,1.2155156337626238,1.2175207434605373,1.1391079239922532,1.1588,0.987727357419,1.08348038987,1.0839209102200003
406,1.0331255838126088,1.003197486818501,0.9441632442840435,1.0582,0.7635033596549999,0.883656126146,0.8838185937369999
407,0.7744441442156964,0.794123552104973,0.6971467579747053,0.8779600000000001,0.5443733031310001,0.6923912791590001,0.691967488557
408,0.6260962686361049,0.564628191613381,0.5397098134537885,0.70514,0.430779577315,0.48174685937899997,0.47465693266900005
409,0.4272292917338208,0.4722832871976428,0.3478116710808791,0.5094,0.383088064243,0.39292951521700004,0.38872575385799996
410,0.4944864192052937,0.44726035180981244,0.34553717820887747,0.43199,0.36392276101300003,0.365441536267,0.36199481517
411,0.513603002939127,0.44657878682058805,0.392064362409361,0.40791,0.365162225635,0.364263285296,0.360838357404
412,0.5868678436845202,0.4734398692832259,0.4501025711445259,0.40687,0.480966898483,0.386914034295,0.38080963189499994
413,0.6261517838145466,0.6715428788125584,0.5066799553207162,0.42486,0.7338298345290001,0.556789442768,0.540186897486
414,0.8941007399306515,1.0737970953275051,0.8429640641985157,0.56842,0.860433735264,0.88342921904,0.846218761577
415,1.2695015757494903,1.2485532405658484,0.9506736514085606,0.84409,0.791982583216,1.0354573870200001,0.991964099061
416,1.2454436633247563,1.1246501145371681,1.0445267842600978,0.9753700000000001,0.753980391587,0.943687247563,0.8999636114599999
417,0.987421162764883,0.9373092284505807,0.7506428299961956,0.8925,0.7693793443350001,0.796801951381,0.75813948152
418,0.7875639411583034,0.850924338670235,0.6043186706734471,0.76475,0.77855481162,0.7216971365889999,0.689195064257
419,0.7329010894088145,0.7875623569445118,0.6351527183379244,0.7026399999999999,0.783569263557,0.6637303199310001,0.6370366196289999
420,0.6673191685176131,0.73696906791917,0.6114541521899096,0.65566,0.840629328423,0.6177392142329999,0.594757223317
421,0.6772228886063165,0.7177797183272224,0.5896905690115722,0.61758,0.907687161226,0.596607794551,0.5766394084709999
422,0.7197419516335606,0.7078476732221362,0.6090800336896252,0.60126,1.01571771588,0.5893540601199999,0.571058998244
423,0.7692847053862094,0.7518895674452779,0.6168256106779839,0.59623,1.11645742972,0.633308886372,0.614889835533
424,0.8770678706566682,0.9115465373872181,0.727959606775227,0.63571,1.33748648086,0.787043072015,0.7637922376340001
425,1.0808773935673766,1.2149251503126965,0.9527789931308274,0.76984,1.3901907984,1.04846729198,1.0198691399700002
426,1.402700505138582,1.4463313879231927,1.0889726298625007,1.0005,1.28789611804,1.26606616229,1.22784120785
427,1.526401428332065,1.454038759152326,1.293178478407972,1.1878,1.2663926174299998,1.2515974282,1.20817917895
428,1.341092634157559,1.3570331744299464,1.1300488884038131,1.1701,1.2387828701999999,1.19562106629,1.1544976716500002
429,1.2306529826550936,1.2297575396450875,1.1021687853803366,1.1218,1.00688512238,1.0839209102200003,1.05000158371
430,1.037667338986939,1.012014237265844,0.9172043221647479,1.0276,0.802626676906,0.8838185937369999,0.856672785262
431,0.7872971982576401,0.8020930069013533,0.6732831340074793,0.8535,0.582542262641,0.691967488557,0.67486913506
432,0.6335921248349561,0.5724013884416881,0.5270504981218765,0.6897399999999999,0.48260391266400005,0.47465693266900005,0.474794267248
433,0.4363373043929672,0.47730795895755174,0.3543044582135587,0.50952,0.42887686113300005,0.38872575385799996,0.38864744460100004
434,0.49954884093985163,0.45274731325415124,0.34763401278995715,0.43191999999999997,0.40444243094099996,0.36199481517,0.361804901141
435,0.518710306234299,0.4527890330787659,0.39411328556944375,0.40774,0.388434931629,0.360838357404,0.36046207755599996
436,0.5939108862462609,0.48174469003113324,0.4505823807018024,0.40653,0.5290903454689999,0.38080963189499994,0.380615959319
437,0.6290190784138965,0.6790316949744768,0.505358352757633,0.42468999999999996,0.799889322224,0.540186897486,0.540688786814
438,0.8987092492122838,1.077737329224812,0.8417037521365295,0.56887,0.9323879647679999,0.846218761577,0.848079577623
439,1.2937073190513022,1.2692427429944684,0.9491624844987916,0.8457600000000001,0.858636402085,0.991964099061,0.9942152769320001
440,1.2258899768061904,1.1310814588426314,1.0484497013656804,0.9774,0.800517363557,0.8999636114599999,0.9019574259469999
441,0.9918679131131655,0.9358901840490177,0.7519277118188112,0.8942899999999999,0.822622531687,0.75813948152,0.7596562883079999
442,0.7650747281419723,0.8403145334911138,0.6053096581779199,0.7661100000000001,0.84353155431,0.689195064257,0.690366862648
443,0.7156735677767102,0.7678121944280176,0.6357512831196406,0.7037,0.837807718141,0.6370366196289999,0.637943169875
444,0.6382645494971781,0.7104961258580167,0.6119259158632779,0.6564800000000001,0.8701293441590001,0.594757223317,0.595391394148
445,0.6478846621855323,0.6858011081737365,0.5899446683771927,0.61815,0.9617004709810001,0.5766394084709999,0.577141329615
446,0.685202311847056,0.6732400875972204,0.6094440201325166,0.6017100000000001,1.06655818318,0.571058998244,0.5714623551100001
447,0.7361928873650677,0.7158315552121018,0.6171811922545489,0.59659,1.18203679553,0.614889835533,0.6153176846339999
448,0.8444841229883018,0.8750288299554972,0.7285427226558937,0.6361,1.390583017,0.7637922376340001,0.764439067791
449,1.0530091073063896,1.181741065763528,0.9536858102881948,0.77042,1.4422668502899998,1.0198691399700002,1.02072427685
450,1.3685603938349182,1.418452331830141,1.089668971833977,1.0013,1.3826733306999999,1.22784120785,1.22899124807
451,1.4808700784017614,1.407351602009531,1.294450966822878,1.1889,1.39734384014,1.20817917895,1.20943745457
452,1.3326574953052222,1.3274044114250785,1.131336239065909,1.1713,1.3540604738799997,1.1544976716500002,1.15553175252
453,1.206047398847206,1.207973046934032,1.1028767879648522,1.1227,1.11315778015,1.05000158371,1.05085688455
454,1.0275666652686688,0.9923355243921141,0.9179656676524562,1.0284,0.886566236429,0.856672785262,0.857278702732
455,0.768296183506342,0.7832097324205407,0.673798298222335,0.85405,0.64052784761,0.67486913506,0.67510069931
456,0.6183642153485616,0.5536491379273256,0.5271350919348182,0.68995,0.512808592611,0.474794267248,0.474507476854
457,0.41660249062151467,0.45703770350127,0.35384314770304554,0.50926,0.447150796649,0.38864744460100004,0.388336688499
458,0.4805087617403767,0.43265042599371495,0.3472544639972472,0.43163999999999997,0.410336724046,0.361804901141,0.361309653434
459,0.4968510673237256,0.4334106583818551,0.39339442668566765,0.4073,0.40738168435500005,0.36046207755599996,0.36001879696500005
460,0.5683623433829703,0.45839634692820325,0.4501205395913388,0.40613,0.541839581867,0.380615959319,0.38023459174
461,0.6078783311415035,0.6552159281482325,0.5051429702507505,0.42433999999999994,0.8109269528890001,0.540688786814,0.541014248182
462,0.8770493176613565,1.056244284596208,0.8429386090943134,0.56917,0.943368379262,0.848079577623,0.8497297971
463,1.2546869175175819,1.23171951286186,0.9499877913527384,0.84725,0.8604113859450001,0.9942152769320001,0.9961756260529999
464,1.2245405802408897,1.1106369846418613,1.0511126255327288,0.97916,0.8395743920990001,0.9019574259469999,0.9037085288750001
465,0.9651787692290502,0.9158950177395998,0.7532491748175943,0.89587,0.845057367245,0.7596562883079999,0.7609770812090001
466,0.7572135434220852,0.8212159813208462,0.606189889087434,0.7673,0.8433280856470001,0.690366862648,0.691520019787
467,0.7019307599572708,0.7525557447384372,0.6366432888593105,0.7047399999999999,0.8590778880609999,0.637943169875,0.6389093160329999
468,0.6335228270246156,0.6986677240099914,0.6127075106077019,0.65735,0.907063919489,0.595391394148,0.596148107612
469,0.6414906150042983,0.6774228066281854,0.5905440133213984,0.61883,0.959395953842,0.577141329615,0.577873028074
470,0.6828028571933005,0.6684463422178937,0.6102908892929065,0.60237,1.0498512667,0.5714623551100001,0.571963711575
471,0.7320196590755604,0.7126698468188256,0.6175121272873839,0.59705,1.14301527015,0.6153176846339999,0.61607584029
472,0.8388670422110603,0.870544093885022,0.7300107075634792,0.63678,1.3666893091499999,0.764439067791,0.7654186893089999
473,1.0458550772978223,1.1737270913509998,0.9546239209831783,0.7713,1.4086658529299998,1.02072427685,1.02203041982
474,1.3423057115941552,1.402875548356728,1.0911388642300863,1.0025,1.33962920955,1.22899124807,1.2305463856
475,1.485301923474458,1.4010974918596983,1.2959383130452762,1.1903,1.31181259996,1.20943745457,1.21102963413
476,1.3207159042109247,1.3193993788302216,1.133021326019134,1.1727,1.25970979489,1.15553175252,1.15694716679
477,1.2048343157582013,1.2010705342007235,1.1039906461915203,1.124,1.03748486884,1.05085688455,1.05208006781
478,1.016247732148118,0.9836534146698854,0.919074343918475,1.0295,0.83463597361,0.857278702732,0.858221071034
479,0.759207772526638,0.7722502057859654,0.6746317952213327,0.8549,0.596428585741,0.67510069931,0.675780867972
480,0.6027183953953917,0.5407136659253172,0.5277281402664371,0.6905600000000001,0.464565090831,0.474507476854,0.474834077931
481,0.4167574332692928,0.448286159535969,0.35407487355257355,0.50955,0.41877859043000004,0.388336688499,0.38831470612700003
482,0.4665100112301094,0.4239665801679532,0.3470235069434309,0.43162,0.394027782983,0.361309653434,0.361571761711
483,0.49321382751138265,0.4256362777016755,0.3937496635916957,0.40753,0.39286659852,0.36001879696500005,0.36027718073
484,0.5619592887893587,0.453465131425563,0.4503897522666908,0.40637,0.501996005315,0.38023459174,0.380732419084
485,0.6123375707997939,0.6537703537077578,0.5059980817724321,0.42478999999999995,0.7005558891470001,0.541014248182,0.542136910831
486,0.9010002464733742,1.0641694998292237,0.8446209983246313,0.57018,0.896306833133,0.8497297971,0.851790955307
487,1.3238050015334322,1.2745624216589224,0.9512371713569833,0.84911,0.81322816738,0.9961756260529999,0.998427733485
488,1.2617205808540843,1.1574168325940914,1.0539546000131932,0.98119,0.784715562455,0.9037085288750001,0.906030626207
489,1.030838981671369,0.9698264079322811,0.7554235332092207,0.8979600000000001,0.803897163523,0.7609770812090001,0.762996999169
490,0.7993081436157508,0.8763148170631413,0.6078802821410204,0.76912,0.799323447304,0.691520019787,0.69313762521
491,0.7475394556372774,0.8034429897463438,0.6376682967182788,0.7062,0.817423990887,0.6389093160329999,0.640323870515
492,0.6598830287496561,0.7412037008492609,0.6139475100412198,0.65862,0.8803101933930001,0.596148107612,0.597369152074
493,0.6657068265122021,0.7113994017894198,0.5916446472866769,0.61993,0.959057397467,0.577873028074,0.5789974329909999
494,0.700760165043342,0.6967012980566387,0.6114348910444469,0.60338,1.05379367971,0.571963711575,0.573050507216
495,0.7514066741292682,0.7371081454304509,0.6187456488416601,0.5980300000000001,1.1765328746500001,0.61607584029,0.6170035255349999
496,0.8602121845700078,0.8940332541742627,0.7308426966797386,0.63762,1.41396406416,0.7654186893089999,0.7664072800399999
497,1.0790806820876138,1.1964678982660828,0.9562200718048793,0.7721899999999999,1.4175771037600002,1.02203041982,1.0234030939
498,1.3827167423960032,1.4426227788149455,1.0924890654101083,1.0037,1.36188557407,1.2305463856,1.23217185723
499,1.542880256945135,1.4503346586697763,1.2977146209168902,1.1917,1.3674948893099999,1.21102963413,1.21261445225
500,1.37826249179559,1.3735459315400806,1.134457892863217,1.1741,1.33799749389,1.15694716679,1.15839780069
501,1.256379528170501,1.255258307654731,1.105319646975888,1.1253,1.1229243076100002,1.05208006781,1.05325236159
502,1.0537728929266355,1.0316365078212049,0.9199856027390413,1.0306,0.905074189667,0.858221071034,0.8589234751829999
503,0.7870860455865039,0.8119394335388306,0.675121463679867,0.8555299999999999,0.667721902351,0.675780867972,0.67598528339
504,0.6118867489557892,0.5723294456392688,0.5277277611948965,0.69075,0.557222087083,0.474834077931,0.474764173799
505,0.3960109345590186,0.45353899391569524,0.3539419987246766,0.50949,0.499699085112,0.38831470612700003,0.38826582003700005
506,0.4599383167426676,0.4211687995205559,0.34697111601255354,0.43158,0.478299880604,0.361571761711,0.361266774704
507,0.477501560644112,0.41938044845463773,0.3931950527350953,0.40726,0.47666171685099995,0.36027718073,0.360020618439
508,0.5532059102547937,0.4456940354267972,0.4501037772578958,0.40613,0.597641543832,0.380732419084,0.380453773554
509,0.6026667464146076,0.6468631796955071,0.505790813898839,0.42454,0.8547499754440001,0.542136910831,0.54252331649
510,0.8938536365664453,1.0579031021238394,0.8459747866417524,0.57053,0.9636139189440001,0.851790955307,0.853516699352
511,1.3111905366365413,1.252177446336791,0.9522367554549475,0.8506600000000001,0.830949676917,0.998427733485,1.00070144693
512,1.2604093943729793,1.1409352037923122,1.0570151087534565,0.98324,0.760304324394,0.906030626207,0.908051776511
513,1.0283934603749652,0.9582468247535542,0.7569646949728612,0.8997799999999999,0.77421962295,0.762996999169,0.764708758716
514,0.7957688628320293,0.8689209670229033,0.6092928377305928,0.77066,0.7748609418179999,0.69313762521,0.69456609787
515,0.7397497912145053,0.7974580825612574,0.6386745699584327,0.70748,0.782118276377,0.640323870515,0.64141646575
516,0.6526585580164093,0.7372483029534175,0.614678658372247,0.65961,0.8216407536229999,0.597369152074,0.5984214086240001
517,0.6607227807081388,0.7105005480261035,0.592810386159571,0.62088,0.8811013638420001,0.5789974329909999,0.580138873763
518,0.6956879342234594,0.6964275759509433,0.612839975029557,0.60441,0.938161730641,0.573050507216,0.574204560767
519,0.7496232456697082,0.7365622946381853,0.6200055113263908,0.59906,1.01718721247,0.6170035255349999,0.618142623486
520,0.8608703059460205,0.8944334504446066,0.7320324401636166,0.63864,1.18989127946,0.7664072800399999,0.767683119754
521,1.082838329245579,1.1928294811533533,0.9578128026965488,0.7733399999999999,1.28103075999,1.0234030939,1.0249206644700002
522,1.387630067454464,1.446143858644969,1.0939150094257422,1.0051,1.24227979329,1.23217185723,1.23389289401
523,1.5478315972325545,1.4523668592961532,1.2995431084331581,1.1933,1.25206854146,1.21261445225,1.21445288281
524,1.3810966797486732,1.3708820885256827,1.1363380787700155,1.1758,1.22499060698,1.15839780069,1.1599948890799998
525,1.2568179555554377,1.2512508249029262,1.1065594395442166,1.1267,0.995491789785,1.05325236159,1.05457889065
526,1.0513353752089447,1.0294946173422752,0.9211247217860121,1.0318,0.7873943166419999,0.8589234751829999,0.8600071913959999
527,0.782738079940847,0.8096403116947604,0.6761371557054725,0.85651,0.5576352616260001,0.67598528339,0.6768202885160001
528,0.6067775265397166,0.5698222506947925,0.5285067587307959,0.6915,0.451670257253,0.474764173799,0.48171333849200004
529,0.37953283805021126,0.4520818256022523,0.36342926205638565,0.51575,0.39143865359200003,0.38826582003700005,0.391748542708
530,0.46105441407565734,0.4204950679040916,0.3495150653079433,0.43471000000000004,0.371235990633,0.361266774704,0.36413596223300004
531,0.47281075974917275,0.4181606970314652,0.39535027666844336,0.40984,0.37258961269,0.360020618439,0.36301690829000005
532,0.5596560147797593,0.44669972646858697,0.4529960397055779,0.40883,0.48868790743999996,0.380453773554,0.38662432592600005
533,0.6020992532889458,0.6485683010537955,0.516438375486097,0.4301,0.7444735920479999,0.54252331649,0.560883268527
534,0.8796638793543256,1.0522404283805098,0.8751711943361318,0.58707,0.8755250059909999,0.853516699352,0.895784479782
535,1.2663372878569206,1.222106169187439,0.979086004382918,0.8887299999999999,0.8024929542110001,1.00070144693,1.04988754429
536,1.2155229245052683,1.0965686657907732,1.1191528623503213,1.0275,0.763426379794,0.908051776511,0.9573549889280001
537,0.9766392276624116,0.9061758808145707,0.802007231857863,0.94419,0.75484204315,0.764708758716,0.808536239233
538,0.7510300720304647,0.8180356239283246,0.647420026414205,0.81014,0.817562335024,0.69456609787,0.731491258099
539,0.6972118843441253,0.751693228897226,0.6655061494241972,0.74074,0.849047691097,0.64141646575,0.6718658001410001
540,0.6221370020019514,0.6995950265574097,0.6380120363151299,0.68703,0.927066300493,0.5984214086240001,0.624588770585
541,0.6335334688833275,0.6782212053638317,0.6163178300623956,0.64445,1.0162513993100002,0.580138873763,0.6025831620090001
542,0.6770622804673208,0.6689979074876449,0.6335674960053419,0.62463,1.1015736575,0.574204560767,0.594658400836
543,0.7327023192541979,0.7121667440054356,0.6428717880980569,0.61749,1.1980063935299998,0.618142623486,0.638937255849
544,0.8446094260867798,0.8716417445125526,0.7582523275030455,0.65737,1.37440390715,0.767683119754,0.793974650048
545,1.056120165158577,1.1633672382059952,0.9953661086569939,0.79703,1.41633110972,1.0249206644700002,1.0582089946100002
546,1.367194023007126,1.4203574408426616,1.1248941908730525,1.035,1.34789996354,1.23389289401,1.27782117382
547,1.4866497883538292,1.4119486967129453,1.3469927635858276,1.2329,1.35239561869,1.21445288281,1.26348277045
548,1.3316797132917335,1.3183097188900812,1.1879740775921295,1.2199,1.3148299885999999,1.1599948890799998,1.20656633101
549,1.2009500201322885,1.1958197618546595,1.148825877273713,1.1687,1.07908487548,1.05457889065,1.09360049527
550,1.0135419460823785,0.9808810233103964,0.9528880804046663,1.0669,0.8512217579860001,0.8600071913959999,0.891509740247
551,0.7524849392412873,0.7706048320232771,0.7040645106937521,0.8848799999999999,0.614432431445,0.6768202885160001,0.6973134921940001
552,0.6022361705807426,0.5428632795235244,0.5442285349158466,0.70996,0.5097784844600001,0.48171333849200004,0.48378394371100003
553,0.4016906047347076,0.4562282613942857,0.3585888566886743,0.51762,0.46150045844899995,0.391748542708,0.393496487123
554,0.46970070704100936,0.42989079600399493,0.34871122939642385,0.43628999999999996,0.434772906704,0.36413596223300004,0.36557362193099996
555,0.4903209969505101,0.42793813100300093,0.3939280793624013,0.41113999999999995,0.43775867596199997,0.36301690829000005,0.364772783957
556,0.5662143750438909,0.45391449680513885,0.4536598721615217,0.41041000000000005,0.5490482254300001,0.38662432592600005,0.38838134173600003
557,0.6078214999951222,0.6519863507592196,0.5196785677626773,0.43168,0.766373218392,0.560883268527,0.563369598265
558,0.8774520889904177,1.0529546055494183,0.8814603812220181,0.5893,0.936016690383,0.895784479782,0.899408218833
559,1.2537807044444498,1.2221108373749061,0.9843557232524505,0.892,0.840402425814,1.04988754429,1.05379090579
560,1.2199612522349712,1.1024798924841837,1.1228864253716013,1.0311,0.729169673403,0.9573549889280001,0.960984449126
561,0.9689326584577729,0.9109637481991852,0.8053555129943764,0.9474600000000001,0.759868607773,0.808536239233,0.8118145152509999
562,0.7583074627464407,0.8229113630320702,0.6503861736462926,0.8131,0.781503722888,0.731491258099,0.7343321487700001
563,0.6988242356980604,0.7570076734138611,0.66777982642855,0.7433,0.807302176094,0.6718658001410001,0.674256233673
564,0.6297039852938793,0.7029199769050258,0.640105332697861,0.68919,0.857009453943,0.624588770585,0.6266858824939999
565,0.64139508833648,0.680907715945051,0.6184404306646867,0.6463399999999999,0.9327848228829999,0.6025831620090001,0.604489600493
566,0.6855968218954767,0.6709088894880889,0.6356248871708523,0.62634,1.0129739477,0.594658400836,0.596421791668
567,0.7409959128527597,0.7141843835200631,0.6449527338151348,0.61908,1.0950951652299998,0.638937255849,0.640584800963
568,0.8503864325008956,0.8733980851193979,0.7601916768190657,0.65886,1.27372010694,0.793974650048,0.795639980051
569,1.058739865044477,1.167333741668017,0.9979661249952454,0.7985300000000001,1.3567946437600003,1.0582089946100002,1.06009679498
570,1.3668169385346087,1.419265175244353,1.1270567195342862,1.0367,1.33336609006,1.27782117382,1.2800111565299999
571,1.4837192341339245,1.4179575133018107,1.3493162795688574,1.2348,1.3428873782700002,1.26348277045,1.26572992014
572,1.3279282427169128,1.3248035255769433,1.1901660697032717,1.222,1.30763068101,1.20656633101,1.2085621188
573,1.2003727646938742,1.2009832408559067,1.1504904750667828,1.1705,1.0776551169600002,1.09360049527,1.09532336678
574,1.0196467141683847,0.986370084099084,0.9544393777275284,1.0685,0.853195238918,0.891509740247,0.8927665922299999
575,0.7628331092023682,0.7786966962079529,0.7051689428525487,0.88602,0.614369624258,0.6973134921940001,0.6983352987360001
576,0.6139901028449735,0.5507031895775545,0.5452360892145445,0.7108800000000001,0.493857604827,0.48378394371100003,0.477689265945
577,0.4163330650874291,0.46097197982089677,0.34992762237331954,0.51213,0.432373401586,0.393496487123,0.390529487063
578,0.48436500768733176,0.43840522309949037,0.3464452324438728,0.43362,0.398949601286,0.36557362193099996,0.363331264636
579,0.504604865167773,0.43914929243110284,0.39228645878018165,0.40912,0.386428762787,0.364772783957,0.36210530109899997
580,0.5791178541354469,0.4670340504144433,0.45075110255049344,0.40801,0.5017911736899999,0.38838134173600003,0.383111205219
581,0.6194079383975539,0.6658840827568693,0.5108608685703391,0.42693000000000003,0.7043794434039999,0.563369598265,0.547008409279
582,0.8890726861819995,1.0661487469494026,0.8551962352269484,0.57457,0.9091098039830001,0.899408218833,0.861544661309
583,1.2800101473154788,1.2511578972168524,0.9609125657067541,0.8578899999999999,0.843813930848,1.05379090579,1.00935004005
584,1.2166745371681553,1.1219135943834473,1.0662926577950953,0.99103,0.7862365560510001,0.960984449126,0.916142154888
585,0.9816621859959268,0.9256374080328472,0.764249053099976,0.90707,0.785970615995,0.8118145152509999,0.771845837664
586,0.7582201011540287,0.8303173119074208,0.615500749594424,0.77709,0.803603529126,0.7343321487700001,0.7007467274220001
587,0.7072014074962018,0.7608605596430378,0.6435088515659466,0.71305,0.839362138017,0.674256233673,0.6467619153549999
588,0.6280129611444907,0.7031023325283453,0.6194277610485557,0.66442,0.8973831488930001,0.6266858824939999,0.602930826534
589,0.6451504970298436,0.6786168693181964,0.5969550211625704,0.6249399999999999,0.979564465488,0.604489600493,0.584021032971
590,0.6853372716436151,0.6685667636149124,0.6166540052542558,0.6079100000000001,1.0602437037299999,0.596421791668,0.577653051104
591,0.7392169003158542,0.7106870470081206,0.6239806127382125,0.60217,1.1384830379000002,0.640584800963,0.621562193549
592,0.8478238410047002,0.8695703197935737,0.7364907356091757,0.64172,1.37966486718,0.795639980051,0.7715593641140001
593,1.0558740673035685,1.1657402091077191,0.9636059039167463,0.77684,1.4341005059399998,1.06009679498,1.02979073689
594,1.372246090458367,1.419132116825942,1.0991128426877268,1.0094,1.4066667293900001,1.2800111565299999,1.2396044419399999
595,1.4783485195187729,1.4210273164104839,1.3056045582514166,1.1984,1.4173448578799999,1.26572992014,1.22014798579
596,1.3316429581737679,1.3306167497375352,1.1417538657268689,1.1809,1.29216343738,1.2085621188,1.16519160077
597,1.2015821780482123,1.2074500585427368,1.1111731599616266,1.1314,1.0546987199200002,1.09532336678,1.05923284564
598,1.022562405860206,0.989623760114027,0.9254113671232626,1.036,0.830319990863,0.8927665922299999,0.863717619816
599,0.763475513935892,0.7787989322487657,0.6795136112150221,0.85985,0.588618961955,0.6983352987360001,0.679311880217
600,0.6147391807550918,0.5490785777543055,0.5305610487574048,0.6937399999999999,0.476291038822,0.477689265945,0.47657967012900004
601,0.4146968986283725,0.45549650509607853,0.35537015773977054,0.51113,0.415860403312,0.390529487063,0.389199597183
602,0.4810262988288704,0.4328768373739392,0.34734777483091195,0.43241999999999997,0.38980728344800003,0.363331264636,0.36203263839
603,0.497465215868727,0.43350698495684065,0.3934006302005262,0.40795,0.38662127041199995,0.36210530109899997,0.360720564683
604,0.5688357313842939,0.46003918539462135,0.450500886619705,0.40676,0.513480806615,0.383111205219,0.38185338714199996
605,0.6060039402036014,0.6564026928142122,0.5084677498608225,0.4258,0.7333388114920001,0.547008409279,0.546470201246
606,0.8739384427353839,1.0553396176371321,0.8528092876730625,0.57408,0.933830155915,0.861544661309,0.8622696237880001
607,1.2564988912291937,1.231150915620625,0.9582092232521647,0.85854,0.8616687361859999,1.00935004005,1.01045500453
608,1.204209917444751,1.1066442329215036,1.0690946464331503,0.99203,0.782195015146,0.916142154888,0.9171399414899999
609,0.9641970222668635,0.9107676091689492,0.764669810152074,0.90797,0.771733226567,0.771845837664,0.7726395713040001
610,0.75103173014751,0.8160965576277982,0.6160642582715405,0.77781,0.7809470808939999,0.7007467274220001,0.70123245678
611,0.7041913089831071,0.7494334155230673,0.6434835378632547,0.71349,0.808302384136,0.6467619153549999,0.647100215433
612,0.6323867027647209,0.6988870169777313,0.6194390862538703,0.66473,0.8586288142470001,0.602930826534,0.603180729239
613,0.6448451043744406,0.6769147191881022,0.5969770160586223,0.62517,0.932974969218,0.584021032971,0.584203210068
614,0.685315409449638,0.6667534299802356,0.6166654581753606,0.60807,1.0295791615,0.577653051104,0.577693764034
615,0.7359195379453818,0.709171381958578,0.623762083883181,0.60221,1.13464268279,0.621562193549,0.621836699086
616,0.8414055289280737,0.8660236130156803,0.7371912073966658,0.6419699999999999,1.37597811794,0.7715593641140001,0.7721167189020001
617,1.0474268785185432,1.1624100341760752,0.9639157424172682,0.7773399999999999,1.4540331725600002,1.02979073689,1.03091003938
618,1.3422420331789349,1.399035371917563,1.1001536122896949,1.0105,1.4254765727599998,1.2396044419399999,1.2411585695799998
619,1.484239595168562,1.410773857040088,1.3071221936279291,1.1998,1.43396608638,1.22014798579,1.22169052063
620,1.3188426057676725,1.3258619448588673,1.1433386915371901,1.1823,1.3025088941,1.16519160077,1.16667957465
621,1.2028315463541364,1.2034589558973048,1.11256079758302,1.1327,1.05548872616,1.05923284564,1.06066861455
622,1.014993725357608,0.9839677957212725,0.9268162911047435,1.0373,0.8163293578890001,0.863717619816,0.864824293271
623,0.7591398106376782,0.7708146273717678,0.6804254341476219,0.86085,0.5606211829550001,0.679311880217,0.6803515135729999
624,0.603465334844444,0.5385448131650304,0.5315499608945944,0.69468,0.438081510788,0.47657967012900004,0.47719468540700005
625,0.40177624175106064,0.440611085907537,0.35581951397736267,0.51168,0.38282261477799995,0.389199597183,0.389920209173
626,0.46225454703459185,0.4151307516042333,0.3480662909027793,0.43306999999999995,0.36183288156599996,0.36203263839,0.36271424525799995
627,0.4779935881200634,0.4147656582292804,0.39402425000018904,0.40856,0.36420772840099996,0.360720564683,0.361719872474
628,0.5481611012838001,0.4412477968212505,0.45183032480457896,0.40765999999999997,0.49427347590099996,0.38185338714199996,0.38300738797899997
629,0.5898624007623696,0.6390900727266978,0.5098145402340589,0.42683999999999994,0.77379486103,0.546470201246,0.548312831695
630,0.8625313806849149,1.040317973424995,0.8551925951363524,0.5757399999999999,0.933208183909,0.8622696237880001,0.865645935047
631,1.2470097631265182,1.2192195946235838,0.9606527985441755,0.86159,0.862423618992,1.01045500453,1.01415007621
632,1.208994691300308,1.1021628856553183,1.0735037450229958,0.99535,0.7968257404719999,0.9171399414899999,0.9207167023630001
633,0.9669315302401926,0.9124557155854867,0.7679098967090304,0.9111899999999999,0.7880900500300001,0.7726395713040001,0.7759113724950001
634,0.7561265255542676,0.8191865968299101,0.6190234649170432,0.78076,0.799735904713,0.70123245678,0.704406113774
635,0.7068781130715831,0.7508862313827547,0.6464926070638924,0.71635,0.831800138722,0.647100215433,0.6500135459449999
636,0.6345633440787911,0.6987201637200018,0.6220178558339436,0.66735,0.892752069118,0.603180729239,0.605962835791
637,0.6442919791584897,0.6770435591505969,0.5996693940265649,0.62767,0.978056755829,0.584203210068,0.586835622591
638,0.6835721932454053,0.6669982566997706,0.6191883473319392,0.61044,1.08315615004,0.577693764034,0.580377040346
639,0.7329423762021224,0.7091018942560599,0.6266866353042196,0.6046199999999999,1.1778428785200001,0.621836699086,0.624590140297
640,0.8389118657063632,0.865630958467116,0.740119226944127,0.64445,1.3990775423700001,0.7721167189020001,0.774984035988
641,1.0461074796488143,1.1590859144390881,0.9669472630449728,0.77992,1.4530154012799998,1.03091003938,1.03447270504
642,1.3478278739423537,1.4047848709469921,1.103794502272002,1.0137,1.4230772571399999,1.2411585695799998,1.24485975871
643,1.4839934399306665,1.4110098445964787,1.3108175258311474,1.2032,1.4288954515,1.22169052063,1.22547968805
644,1.3250259058037082,1.327032205229166,1.1472204170307267,1.1857,1.2999832554000001,1.16667957465,1.17037050804
645,1.2073565041946643,1.2063361408752606,1.116070725154285,1.1361,1.05651880874,1.06066861455,1.0641158132
646,1.025784421649639,0.989464022652111,0.9300434649267721,1.0404,0.8318363095970001,0.864824293271,0.86791606363
647,0.7711180029580464,0.780009850842613,0.6833422884944614,0.8636299999999999,0.577301181891,0.6803515135729999,0.683062551238
648,0.6214580463203425,0.5531652715008459,0.5340902976716785,0.69712,0.458461571333,0.47719468540700005,0.479560388685
649,0.4348065364112036,0.46523744827247665,0.3580672752844417,0.51381,0.40514004177199997,0.389920209173,0.391848074756
650,0.48734129451702857,0.4447098620513628,0.3497243303141779,0.4348,0.37120682713500003,0.36271424525799995,0.36455917501999996
651,0.5149252364008832,0.44967210585062223,0.39563436706739286,0.41022,0.36817889890100003,0.361719872474,0.36359974161799996
652,0.5866408324690768,0.48245550765294687,0.45365139180096803,0.40936,0.488995845281,0.38300738797899997,0.384831361177
653,0.6387871019354766,0.6864927047800924,0.5116616616834353,0.42848,0.707787613974,0.548312831695,0.550841268698
654,0.9243396722862799,1.095591324652447,0.8587589540866272,0.57802,0.9037304832269999,0.865645935047,0.869067675668
655,1.3612187720518063,1.306350238286909,0.963203597851131,0.86467,0.8495352038449999,1.01415007621,1.0176554945
656,1.2854160784031967,1.1946136768326625,1.0776486104692875,0.99851,0.8036689907529999,0.9207167023630001,0.9239461367499999
657,1.0661115101703904,1.0071242366647004,0.7706584809004385,0.9141,0.817602101649,0.7759113724950001,0.778832909602
658,0.8281500039015569,0.9107802635795809,0.6216526447325157,0.7833899999999999,0.8519367073790001,0.704406113774,0.7068738826450001
659,0.7766671686765736,0.8331922045493839,0.6483064960534596,0.7185699999999999,0.9023321278640001,0.6500135459449999,0.652197259547
660,0.6829196484508462,0.7682605751479644,0.6239747852719947,0.66932,0.973307639704,0.605962835791,0.607798036743
661,0.6904084245627508,0.736832927980713,0.6012671507421133,0.62932,1.0682802114499999,0.586835622591,0.588579101751
662,0.7199994407567275,0.7192306473883314,0.6210658721005128,0.61201,1.17673817405,0.580377040346,0.5818913777579999
663,0.7719755356891012,0.7565967367704614,0.6281865574570626,0.6059899999999999,1.27469145142,0.624590140297,0.6259667954079999
664,0.8825262145527423,0.9127692832478039,0.7416643764070088,0.64569,1.54453476245,0.774984035988,0.77651233829
665,1.1068728103385712,1.2120651459902088,0.9693028009459563,0.7813,1.55905660093,1.03447270504,1.03623073269
666,1.4457388151128039,1.4811137141169552,1.1055522213562767,1.0152,1.48530549562,1.24485975871,1.24694658559
667,1.558389475438096,1.4925928260818924,1.3131084369173207,1.205,1.46760919655,1.22547968805,1.22737506236
668,1.419843272319334,1.4132434177600268,1.1487796642921952,1.1874,1.32305446776,1.17037050804,1.17196297995
669,1.281181118856351,1.2931468899857137,1.1173762542279335,1.1375,1.0835162444600002,1.0641158132,1.06555362289
670,1.09153163439759,1.0686130885221958,0.9314418597118885,1.0417,0.8596347807770001,0.86791606363,0.8691285184909999
671,0.8199184467844329,0.8493694225526389,0.6845596571190835,0.86472,0.617381760367,0.683062551238,0.683819420035
672,0.6509847614937286,0.61019502309057,0.5347423239860867,0.6978,0.500068312113,0.479560388685,0.479980506838
673,0.43522518241114727,0.4945668691117166,0.3584496203350952,0.5141899999999999,0.441479771385,0.391848074756,0.39206096935900003
674,0.5001790208480135,0.46492334400831653,0.3498382975813162,0.435,0.414905893709,0.36455917501999996,0.36498138547799996
675,0.516970699730138,0.46452567281499935,0.39613107577101947,0.4106,0.404710119746,0.36359974161799996,0.363858149874
676,0.5953866889236461,0.49338034744291087,0.4537382375138198,0.40959,0.51924302468,0.384831361177,0.385298999322
677,0.6429015580191089,0.6944256831883509,0.512482252441976,0.4289,0.723127621996,0.550841268698,0.552387385951
678,0.9362299528358491,1.1084379007456795,0.8614893582364999,0.5794100000000001,0.934381113343,0.869067675668,0.881590535818
679,1.347565856342107,1.2930540742333627,0.9758882978129415,0.87595,0.884579294438,1.0176554945,1.02044763736
680,1.2988265023243628,1.1857769892444625,1.075300311066858,1.001,0.851461019242,0.9239461367499999,0.926576935219
681,1.0572993917503535,0.9997762118804148,0.7741813952786177,0.9164700000000001,0.87633657625,0.778832909602,0.781050930325
682,0.8220695199599491,0.90274231527616,0.6234361816266142,0.7853899999999999,0.926402201428,0.7068738826450001,0.7087952725069999
683,0.7594299245148487,0.8236463405680499,0.6499527617285783,0.7203,0.999837853351,0.652197259547,0.653822950397
684,0.668317737548428,0.7589192945090443,0.6259006931065196,0.67078,1.08424607914,0.607798036743,0.609201553507
685,0.672040339462999,0.7267305876822912,0.6031813612471163,0.63059,1.1900643741399999,0.588579101751,0.589681433207
686,0.7053362244803715,0.7087214137303712,0.6224664992827494,0.61301,1.30027342421,0.5818913777579999,0.582967478629
687,0.7583617390940786,0.745830300729696,0.6301443062905683,0.60696,1.38086587421,0.6259667954079999,0.627101102201
688,0.8735935927352112,0.902733021329191,0.743571896509123,0.64671,1.6853233463600001,0.77651233829,0.7777669985819999
689,1.0985150755651663,1.2044212651710453,0.9717578983484401,0.7824300000000001,1.6842273997400001,1.03623073269,1.03767125795
690,1.4304165863826601,1.4569996995382466,1.1074473396152622,1.0165,1.57904875981,1.24694658559,1.2486881217499999
691,1.5521315479692546,1.4721176360496886,1.3149898290367177,1.2066,1.54465923483,1.22737506236,1.2291052766600001
692,1.4076888790304294,1.3942368657951834,1.1503732596619147,1.189,1.3876660388600002,1.17196297995,1.1735486663099999
693,1.2696319272793535,1.2758353157181774,1.118815971533983,1.1389,1.1588812048700001,1.06555362289,1.06688505425
694,1.0750559731382796,1.054447158670401,0.9325688808340055,1.0429,0.94782776157,0.8691285184909999,0.870133347009
695,0.8028983208237002,0.8350413288516165,0.685481021519445,0.8656299999999999,0.718475503566,0.683819420035,0.68445403293
696,0.6347315791782744,0.596685519136269,0.5352897932627263,0.6983699999999999,0.606776828213,0.479980506838,0.486949839184
697,0.40775180105257836,0.48092169775689103,0.3680315844973997,0.52047,0.550944977467,0.39206096935900003,0.39537642703599996
698,0.49189423184770475,0.45173473023507693,0.35217897866678255,0.43798000000000004,0.527315445832,0.36498138547799996,0.367413176739
699,0.5042932715115517,0.4521800620334976,0.397625782034905,0.41279,0.510845412782,0.363858149874,0.366512216896
700,0.5909483933304137,0.4816880419213067,0.45629756903622337,0.41198,0.6180307994690001,0.385298999322,0.391093827818
701,0.6330969408343229,0.6839914706155473,0.5227637779526028,0.43412,0.84984365314,0.552387385951,0.570284262518
702,0.9109049942998948,1.0886974165726906,0.8897554637331497,0.59553,1.0167008964,0.881590535818,0.9141144483879999
703,1.285642074804528,1.2502255242694662,0.9920068856920846,0.9052399999999999,0.9373796359469999,1.02044763736,1.0703117825700001
704,1.240788203981795,1.1240805335276218,1.1441862341958648,1.0459,0.8697771307240001,0.926576935219,0.976495191072
705,0.9877245073240599,0.9305606746137434,0.81848713169203,0.96144,0.873590902029,0.781050930325,0.825231721253
706,0.7653413575830568,0.8375969093669231,0.6617170561630796,0.8251799999999999,0.894941208797,0.7087952725069999,0.745561344928
707,0.7058502899118124,0.7663338598784311,0.6758230057890964,0.75342,0.930926563665,0.653822950397,0.6838131630040001
708,0.6277427591610206,0.710039424643903,0.6478715445082811,0.6978,0.983153455107,0.609201553507,0.634934502658
709,0.6372063561192848,0.6848674596790634,0.6257939074822049,0.65377,1.06251671981,0.589681433207,0.611813920421
710,0.6801644849756616,0.6729321080357479,0.6426479537992505,0.63294,1.14344796705,0.582967478629,0.603051042744
711,0.7356095137930122,0.7146681262399229,0.6520189139578577,0.62505,1.24762176073,0.627101102201,0.647391897951
712,0.8512248431689838,0.8736344828941064,0.7687461349322737,0.66499,1.52068104685,0.7777669985819999,0.803563582735
713,1.0630138262511342,1.1714193421262225,1.008519010400715,0.80566,1.5703205924799999,1.03767125795,1.0697752628100001
714,1.3819984076060599,1.4107941832886601,1.1367283930963397,1.0455,1.54110452958,1.2486881217499999,1.2915414410400001
715,1.4907568021669453,1.4145000641788377,1.361443749374802,1.2452,1.55242963782,1.2291052766600001,1.2776772731100001
716,1.3396561766394002,1.327937777528442,1.2020901114060405,1.2327,1.43338332162,1.1735486663099999,1.21946307988
717,1.206795776551392,1.2087394196856294,1.1599414101186676,1.1803,1.19008842228,1.06688505425,1.1047564556
718,1.0223757042828465,0.994835732854157,0.9627574497449404,1.077,0.9587440159530001,0.870133347009,0.900191361563
719,0.759940933402383,0.7837097672490505,0.711859488775697,0.8927,0.7117718692399999,0.68445403293,0.703126876062
720,0.6101155378255582,0.5533540770539895,0.5491227888187352,0.71519,0.5892583886280001,0.486949839184,0.486472306147
721,0.4109328550998619,0.4646390814570274,0.36042392427690784,0.52004,0.523224285306,0.39537642703599996,0.394647733367
722,0.4806607102358216,0.4389111116929035,0.3488721077467811,0.43733,0.488789778248,0.367413176739,0.366582028574
723,0.5029818386295686,0.43892038303725733,0.39402448216194114,0.41203999999999996,0.471873707378,0.366512216896,0.36566689222300003
724,0.5800338801249498,0.4672821549780805,0.45389765530826737,0.41122,0.581106855138,0.391093827818,0.390455939404
725,0.6221483391937802,0.6676951821620841,0.5237987116642203,0.43355,0.7975001618600001,0.570284262518,0.570269687301
726,0.8923791771561272,1.0685052049482884,0.8933870175636713,0.5955199999999999,0.9885083669820001,0.9141144483879999,0.9153319091259999
727,1.2680777954237006,1.2394484512227786,0.9950832569759087,0.9063399999999999,0.9296905444700001,1.0703117825700001,1.07183273948
728,1.2205389893707361,1.112677375092408,1.14542346201065,1.0473,0.8904622462559999,0.976495191072,0.978190785386
729,0.9703502728234209,0.9186637367318481,0.8203000042695423,0.96296,0.901827144067,0.825231721253,0.826897969523
730,0.7494658049730603,0.8250065185468467,0.66338453869598,0.82668,0.9315195537700001,0.745561344928,0.747417546429
731,0.6948882184869648,0.7538126504943518,0.6779788537191298,0.7550899999999999,0.9711657976970001,0.6838131630040001,0.685738705674
732,0.6264711653286987,0.7000924439305184,0.6499691504129831,0.69953,1.02940567201,0.634934502658,0.636950159501
733,0.6391549006755601,0.6780706768971545,0.6279979058574041,0.65558,1.0826189794,0.611813920421,0.613977538576
734,0.6850265389854422,0.6681804923062448,0.6450557929926645,0.63489,1.16320510221,0.603051042744,0.605123075713
735,0.739138420894238,0.7116478974967089,0.6539512889152844,0.62692,1.25339679769,0.647391897951,0.649504418483
736,0.8486918521704165,0.8688635637369282,0.770991740443703,0.66689,1.5132023276700002,0.803563582735,0.805706690097
737,1.0561475801519815,1.1664307233381297,1.010646491528637,0.8075899999999999,1.53388883227,1.0697752628100001,1.07214056998
738,1.350529871963281,1.395205677559019,1.1391608686204966,1.0476,1.4929109807499998,1.2915414410400001,1.29426834966
739,1.4893440067105859,1.4042460968125792,1.3641387185312581,1.2477,1.5134504687099999,1.2776772731100001,1.28028985865
740,1.3197467211588676,1.321329511687117,1.2046254972948205,1.2351,1.39836419993,1.21946307988,1.2217047129799998
741,1.1996651412107897,1.202057301905573,1.1616752022551227,1.1823,1.15738451296,1.1047564556,1.10669677137
742,1.0092131504635837,0.9858811938980777,0.964546312141876,1.0787,0.9288044181399999,0.900191361563,0.901689677894
743,0.7528598980833336,0.7735604026994802,0.7132507735540556,0.89405,0.683767475192,0.703126876062,0.704391742472
744,0.6082283543594726,0.5445872747305653,0.5504041664060247,0.71633,0.568092031004,0.486472306147,0.48032954130500005
745,0.4153943939017066,0.4557475436093026,0.3516627987757075,0.5145,0.507144351202,0.394647733367,0.39207663532
746,0.4888625558552859,0.43660406992745054,0.3471873734780851,0.43501000000000006,0.479326108257,0.366582028574,0.36456215442900003
747,0.5122751787326809,0.44164666802321306,0.3925528070485293,0.41023000000000004,0.473436381881,0.36566689222300003,0.363541111294
748,0.5936764284833603,0.4757330038849644,0.45188197994517,0.40931,0.583516028169,0.390455939404,0.38534102415700006
749,0.6319193696940268,0.6790588539095199,0.51458473946123,0.42894,0.71317496426,0.570269687301,0.553823938925
750,0.9083862975281733,1.082837325192572,0.8674350927690944,0.5807100000000001,0.841782460873,0.9153319091259999,0.876802258347
751,1.2870336588099538,1.2641421204263976,0.9708598281239381,0.87164,0.7482355017829999,1.07183273948,1.02716465112
752,1.2108220173063051,1.1272455752041943,1.0888964883741932,1.0071,0.658078718696,0.978190785386,0.933161893409
753,0.9743160429797344,0.9255457157809046,0.7789657734888247,0.9224,0.7171883297830001,0.826897969523,0.787019320827
754,0.7685133920440417,0.8377006499047599,0.6288301275444093,0.79076,0.724111226401,0.747417546429,0.714045816393
755,0.7121780102623203,0.7708624392961647,0.6540291489886803,0.7250300000000001,0.7319676519089999,0.685738705674,0.658553076392
756,0.6415705307279358,0.7136628690291963,0.6296592737171073,0.67504,0.755849141648,0.636950159501,0.613541082033
757,0.6530961837877771,0.6886169858210625,0.6068270942952457,0.6345,0.796936915505,0.613977538576,0.593700794617
758,0.6943584554231713,0.6760015367936081,0.6259749340719539,0.61663,0.850427180014,0.605123075713,0.586587595805
759,0.7455595774179484,0.7171584954228877,0.6332573277183596,0.61022,0.932806320654,0.649504418483,0.630706723352
760,0.8504599375036169,0.8729731559625469,0.7474358453919687,0.64996,1.04387467339,0.805706690097,0.781885385806
761,1.0316497395178184,1.1559206584508404,0.9764405416657224,0.78614,1.00466083532,1.07214056998,1.04277446205
762,1.3334485884965208,1.3877091945295938,1.1121789781843043,1.0211,0.9404087024500001,1.29426834966,1.2544070815100001
763,1.437573656162162,1.3764286635190046,1.3209601825327413,1.2118,1.01228268942,1.28028985865,1.23492448802
764,1.3745480375545607,1.3247265947708713,1.156134938069173,1.1942,0.9471438150779999,1.2217047129799998,1.17871301692
765,1.2339264476376615,1.2346185293746146,1.1230761663495308,1.1436,0.7772071417290001,1.10669677137,1.07133847634
766,1.0595328275009352,1.0255752649938263,0.9365268977413814,1.0469,0.617272100415,0.901689677894,0.8735530309370001
767,0.7967247980027189,0.8177981164318,0.6885044139045167,0.86871,0.43919731790700006,0.704391742472,0.686864604041
768,0.6550751633247672,0.5890671375989026,0.5373641092413093,0.70055,0.36624538128300005,0.48032954130500005,0.481322892901
769,0.4472530791276412,0.49278055348928157,0.3593644623870108,0.5154,0.341144564997,0.39207663532,0.392659632718
770,0.5170469685505955,0.46845320095823934,0.3499577874792304,0.43553000000000003,0.339017004349,0.36456215442900003,0.365145407368
771,0.5259891537649789,0.46849070375932655,0.39555386456941294,0.41075,0.353910923895,0.363541111294,0.363997115936
772,0.6054149538441306,0.4966489068194473,0.45353994706029477,0.40972,0.48456289623899995,0.38534102415700006,0.386007943411
773,0.6344033670671403,0.6954222165631285,0.5143101839340265,0.42954,0.7436854659759999,0.553823938925,0.555060529441
774,0.9192342612134485,1.0970464253658005,0.8664912530757245,0.58182,0.877028060503,0.876802258347,0.879085431807
775,1.2955221292673285,1.2727208114625248,0.9700169134900919,0.87369,0.7836560596719999,1.02716465112,1.0293770161799998
776,1.2468747437496992,1.1523734072184042,1.0923803188813948,1.0091,0.6586900830960001,0.933161893409,0.935010904285
777,0.9903806738159013,0.9556478249073782,0.7801589715811138,0.9240700000000001,0.5992110265730001,0.787019320827,0.788604695335
778,0.7975726760096471,0.8593221061552183,0.6301376298839765,0.79219,0.56480849772,0.714045816393,0.7153031987180001
779,0.7386445138668334,0.7914851503460765,0.6547616086173544,0.72616,0.570004365808,0.658553076392,0.659436969625
780,0.6801888315680535,0.7411130860450006,0.629996277867352,0.67584,0.589163502469,0.613541082033,0.6141832876
781,0.6839269541579561,0.7200423380917798,0.6071846508918506,0.63508,0.630290386379,0.593700794617,0.594432271579
782,0.7296936747336912,0.711399663632978,0.6269088767255694,0.61729,0.6996696309370001,0.586587595805,0.587233047248
783,0.7644421418883344,0.7497152848552845,0.6338040963492799,0.6108,0.799929602212,0.630706723352,0.6313734206830001
784,0.8753916588086252,0.8992802193322533,0.7482232268534467,0.65056,0.947101371144,0.781885385806,0.782528880914
785,1.049179461069061,1.1837441397573918,0.9770725092239927,0.78672,1.11928756306,1.04277446205,1.0435647332200002
786,1.3661043361708791,1.4196009482915304,1.1130966171348278,1.0218,1.15521222644,1.2544070815100001,1.2556403282100002
787,1.4585603745422742,1.4286165341576968,1.322157961640341,1.2129,1.19953843226,1.23492448802,1.23622749957
788,1.406072471925977,1.3586935159635531,1.1575452489835758,1.1954,1.09756951108,1.17871301692,1.18009446863
789,1.258924494812976,1.2525097738827005,1.1245231271451661,1.1448,0.8764746535969999,1.07133847634,1.0725916416299999
790,1.0923246451907103,1.046132465470839,0.9376066141619136,1.048,0.66253531846,0.8735530309370001,0.874405950834
791,0.8266431812327536,0.8434017383034966,0.6891007468461199,0.8694799999999999,0.442850699098,0.686864604041,0.687365995446
792,0.6853914199215966,0.6165286499628797,0.5376487594234124,0.701,0.365587134944,0.481322892901,0.481436211232
793,0.47441381953322803,0.521856417488102,0.3592885775305793,0.5155,0.34085642877899996,0.392659632718,0.39263157747500005
794,0.5413720576724588,0.4975994584834592,0.3497763343168987,0.43551000000000006,0.338987969975,0.365145407368,0.364990279222
795,0.5484887169453674,0.49981829749852635,0.395189563793773,0.41061000000000003,0.35400986577200005,0.363997115936,0.363828613743
796,0.6236397955105103,0.5248911460037881,0.45326981612583983,0.40956,0.48524543401799997,0.386007943411,0.38590598752800004
797,0.6613929731067141,0.7269425709411264,0.5143618821381302,0.42945,0.74517627637,0.555060529441,0.555571359203
798,0.9394777406686102,1.124561710587956,0.8677597805306622,0.58228,0.878766652083,0.879085431807,0.88073487904
799,1.3063147472627403,1.2915942038005557,0.9709747252052969,0.87518,0.785225942436,1.0293770161799998,1.03117951709
800,1.2893710337718236,1.1746161245390834,1.0947267687667694,1.0107,0.660089524745,0.935010904285,0.9367973863179999
801,1.0057902633640095,0.9829320192356009,0.7817319028443744,0.92568,0.600367090487,0.788604695335,0.790179522621
802,0.8206608465840912,0.8817364842974971,0.6314993721598221,0.79361,0.570391846826,0.7153031987180001,0.7165761868170001
803,0.7420189020386132,0.8058459844759986,0.6555974697018079,0.72731,0.5874260265429999,0.659436969625,0.660354869246
804,0.6762252019370676,0.7433625118371053,0.6305189863024432,0.67667,0.612282643064,0.6141832876,0.6150064868249999
805,0.6700297211606291,0.7148263610524088,0.6080384272336082,0.6358199999999999,0.659838423153,0.594432271579,0.595054567917
806,0.7138437022296606,0.6991982207745879,0.6274033569894456,0.61785,0.7319147247229999,0.587233047248,0.587632998457
807,0.7564161881111288,0.7418751243111699,0.634140983710466,0.61116,0.836691288964,0.6313734206830001,0.631670317992
808,0.8622813318569624,0.8877670307414376,0.7486798098361764,0.65083,1.01874701753,0.782528880914,0.7830594371799999
809,1.0479941076966783,1.1777927471385643,0.9783512383994163,0.78719,1.1675950461,1.0435647332200002,1.0441808042
810,1.3669028388533757,1.4138495494690146,1.1135584285402633,1.0224,1.19453085908,1.2556403282100002,1.25633421081
811,1.4629812672391704,1.4410614441333762,1.3230842699172636,1.2135,1.2308503147799998,1.23622749957,1.23706681346
812,1.408414269059987,1.3642456930129707,1.1583500268003453,1.1962,1.12178872151,1.18009446863,1.18065443372
813,1.2667355459347562,1.2499460032701544,1.1247131859727302,1.1453,0.9125265823600001,1.0725916416299999,1.0729348974500001
814,1.0922950701040952,1.0417862925337806,0.937834384892804,1.0483,0.694252745405,0.874405950834,0.874624295708
815,0.8252117856231216,0.8395747926363231,0.6893393056861106,0.86967,0.454672887914,0.687365995446,0.687242314366
816,0.6806722321077995,0.6135956249100198,0.5374445950871181,0.70089,0.363215243727,0.481436211232,0.481022083622
817,0.47784085018885425,0.5233250248646023,0.35882605749969404,0.51513,0.338878743715,0.39263157747500005,0.391927617799
818,0.5330128415208557,0.49806533759413585,0.34892187607498365,0.43488000000000004,0.336730572062,0.364990279222,0.364370666259
819,0.5488232871179953,0.5005850454049294,0.39452940645889556,0.41005,0.34983182787600003,0.363828613743,0.363271637839
820,0.6239586352155893,0.528362866474622,0.452750403732373,0.40906,0.472999119279,0.38590598752800004,0.385524056941
821,0.6704756858630486,0.7314791800114407,0.5142660443762388,0.42911000000000005,0.717383064181,0.555571359203,0.55580993367
822,0.9703141832367964,1.136384490692846,0.8685947368583222,0.5825,0.846239416302,0.88073487904,0.882098158694
823,1.3667068857638989,1.3343273986791737,0.9716076297880165,0.87641,0.753149316547,1.03117951709,1.03274193996
824,1.3157636702555278,1.2063110834512174,1.0968542919192996,1.0121,0.6314811900949999,0.9367973863179999,0.9382522715260001
825,1.0653278041502279,1.0248251193887428,0.7829006952272658,0.92699,0.576187725763,0.790179522621,0.7912257538770001
826,0.8561788636663554,0.9282639937423115,0.6321207608103311,0.79455,0.574049743716,0.7165761868170001,0.717196980687
827,0.7787848037029457,0.8492336134243607,0.6556003403303398,0.72787,0.593130229812,0.660354869246,0.6610274311850001
828,0.6978898025089124,0.7815563992405016,0.6313733807834416,0.6772699999999999,0.627962116581,0.6150064868249999,0.615601638934
829,0.6899300600183482,0.747957803347017,0.6086340334582037,0.63635,0.689846346454,0.595054567917,0.595693403425
830,0.7239960725964867,0.7258071791555655,0.6281975582510242,0.61842,0.737577245962,0.587632998457,0.588358133975
831,0.7713773558275029,0.7620244107964527,0.6350674088771292,0.6118100000000001,0.850348325678,0.631670317992,0.632614025969
832,0.880354798401481,0.9059615504341793,0.7499782112031662,0.65168,1.0650745035100002,0.7830594371799999,0.784050044399
833,1.0733408744714144,1.198549548265127,0.9790862949780963,0.78809,1.18965133198,1.0441808042,1.04535665091
834,1.4011705903248328,1.436462078964629,1.114890828690784,1.0235,1.2110359863299998,1.25633421081,1.25786867919
835,1.5137193057420206,1.484743227809035,1.324510181381981,1.2149,1.2539111540899999,1.23706681346,1.23862397524
836,1.460610299861565,1.4178373860217277,1.1600226620254652,1.1976,1.1538674304899998,1.18065443372,1.18211639123
837,1.3091203683444645,1.295617916941704,1.1259794313050975,1.1467,0.9316818192399999,1.0729348974500001,1.0743126139299999
838,1.1216963580511958,1.0784129468689143,0.9391800571133533,1.0495,0.7195489564650001,0.874624295708,0.875699872778
839,0.8437671321367634,0.8694531768651415,0.6902640232265171,0.87064,0.489121327948,0.687242314366,0.688070837045
840,0.6792373704540933,0.633745370225216,0.5381573532212572,0.70163,0.379636106329,0.481022083622,0.481604214751
841,0.4520360968803754,0.5203848188130593,0.35931842511266787,0.51565,0.338804303045,0.391927617799,0.392547437671
842,0.5218544637129396,0.48949981145079596,0.34952926016606317,0.43543000000000004,0.33670750260399995,0.364370666259,0.365123362816
843,0.5327279897093028,0.49070797382420295,0.39535278203292484,0.41073000000000004,0.34976403956299995,0.363271637839,0.364129622857
844,0.6155823929772604,0.5181542296848581,0.4537416192796727,0.40984,0.473354826556,0.385524056941,0.386571342649
845,0.6619870463605506,0.722854603269099,0.5155652128678266,0.43005,0.718374073671,0.55580993367,0.5575064460170001
846,0.9616671766319056,1.1242350853353469,0.8707845118938553,0.58402,0.847320294451,0.882098158694,0.885190258827
847,1.3786563638130982,1.3211432638616496,0.9738671264428154,0.8791899999999999,0.781498231541,1.03274193996,1.0366158707700002
848,1.295497449138413,1.1910635784924062,1.101617910866642,1.0156,0.704835080382,0.9382522715260001,0.941900603623
849,1.07061660560036,1.0121381652951629,0.7861043200724728,0.93027,0.6830833823710001,0.7912257538770001,0.7944195644059999
850,0.8433594214741817,0.9189726999615279,0.6348498364253814,0.79743,0.664215540199,0.717196980687,0.7200416789830001
851,0.7747225036081887,0.8441142081951502,0.6579225378798561,0.73043,0.718303798077,0.6610274311850001,0.663387217172
852,0.6840211332102095,0.7782776190124959,0.6331786858064502,0.6794,0.807084908318,0.615601638934,0.617784705685
853,0.6865581863447126,0.7470222718295895,0.6107890265502156,0.63832,0.904669364585,0.595693403425,0.597530648788
854,0.7194081678403691,0.7282433042867309,0.6297684706393106,0.62008,0.975281920203,0.588358133975,0.589968788189
855,0.7693188690914806,0.7623391763362247,0.6367394036284786,0.61326,0.9869943731919999,0.632614025969,0.63441826303
856,0.873693584635552,0.900077893101141,0.7525016159954317,0.6533,1.1696734909200002,0.784050044399,0.7862399056649999
857,1.0690104660126223,1.1895339234160263,0.9817583920744536,0.79006,1.2959074853,1.04535665091,1.04850243373
858,1.3780451410698624,1.4174210101698073,1.118120360906168,1.0263,1.2880595319099999,1.25786867919,1.2612442841299998
859,1.5116819082174158,1.4713109154619102,1.3279513536275644,1.2179,1.33520065193,1.23862397524,1.24190730925
860,1.4374223364314087,1.402056337732838,1.1631697497128526,1.2005,1.2272063251799998,1.18211639123,1.18516192782
861,1.293616391134099,1.274195793521009,1.1287391661697297,1.1494,0.999695311211,1.0743126139299999,1.07719979236
862,1.0951892137697916,1.054863668580102,0.9420048470469378,1.0521,0.801721358438,0.875699872778,0.878255857862
863,0.8174958220435796,0.8429980905897604,0.6927253426748584,0.8729399999999999,0.566310254995,0.688070837045,0.6902667648549999
864,0.6524307887791244,0.6070404924012827,0.5402550057588145,0.7036100000000001,0.44856184307700003,0.481604214751,0.490252350064
865,0.41637392924108374,0.4951072282124982,0.3705721592722383,0.52344,0.410090882579,0.392547437671,0.39760707349
866,0.5027971169656815,0.46514205736680714,0.3536663892629604,0.43998999999999994,0.385717688085,0.365123362816,0.369251676458
867,0.513443655041202,0.46768857548160436,0.39854808607417946,0.41445,0.38934380862499995,0.364129622857,0.370402055195
868,0.6026731299650484,0.4970886567961991,0.46203034814927557,0.41548999999999997,0.519309111806,0.386571342649,0.397674716563
869,0.6433719150748693,0.7018787182020253,0.5332462765215066,0.44005,0.792594028705,0.5575064460170001,0.581940203446
870,0.9311032100988138,1.1013006103890348,0.903618243438991,0.6060300000000001,0.938515267406,0.885190258827,0.941069311983
871,1.2875650021911924,1.2520819633871394,1.0136170328759009,0.92953,0.84468754282,1.0366158707700002,1.09171311769
872,1.237003169484169,1.1189100646075851,1.1668640707885796,1.0652,0.751408112993,0.941900603623,0.996540838987
873,0.9776818069884733,0.9314414584417173,0.8364003459228982,0.97949,0.709394229019,0.7944195644059999,0.845768790794
874,0.7699714956129196,0.8355283097165875,0.6830188796547305,0.8436799999999999,0.695934913061,0.7200416789830001,0.7636585882860001
875,0.702953635391258,0.7668574427868144,0.6907217034168056,0.76972,0.729026379207,0.663387217172,0.700563449869
876,0.6257188928526939,0.7105107717489124,0.6635129567752206,0.7128800000000001,0.8223528492479999,0.617784705685,0.6508388312210001
877,0.6251382421815744,0.681520750228165,0.6415577978863268,0.66809,0.892201613276,0.597530648788,0.627379120269
878,0.6721900165948479,0.6663811695494997,0.6587439682023272,0.6469600000000001,0.978660931162,0.589968788189,0.618657646517
879,0.7289093924511241,0.7059934418426272,0.6688748130218118,0.6391100000000001,1.10253785142,0.63441826303,0.6632439844129999
880,0.8320951881011467,0.8467033389573997,0.7858456769348668,0.6792699999999999,1.43545182682,0.7862399056649999,0.819486565347
881,1.0226764652592615,1.1327226416375122,1.025630937505438,0.82001,1.38494815232,1.04850243373,1.09753694377
882,1.3142940158064182,1.3602437063206616,1.1669437828802347,1.0705,1.36002553106,1.2612442841299998,1.30998113249
883,1.4393199573015525,1.4042168848388843,1.379036480307392,1.2618,1.38718086209,1.24190730925,1.29443700688
884,1.359674752904202,1.330263416070537,1.2174991889553926,1.2478,1.27997672765,1.18516192782,1.23508891289
885,1.222075036512319,1.2000660045192812,1.1744066517506837,1.1944,1.05267081177,1.07719979236,1.1193099309899999
886,1.0342741135213331,0.9849753377519486,0.9766710646170169,1.0901,0.833304529873,0.878255857862,0.914664180055
887,0.7670057976938682,0.7809146768182409,0.7269222616460838,0.90574,0.596326744341,0.6902667648549999,0.717143444729
888,0.6177087403439223,0.552120510246743,0.5636135007433025,0.72782,0.486394953398,0.490252350064,0.5009203690039999
889,0.41006207883917634,0.46657321886531233,0.3756304183981919,0.53305,0.432707351397,0.39760707349,0.410422953598
890,0.4816607704702654,0.4415916590922826,0.36573758965842457,0.45153999999999994,0.40998667895700003,0.369251676458,0.384321156919
891,0.49719049331437026,0.4408164321874501,0.4137262515343477,0.42801999999999996,0.40911602884000003,0.370402055195,0.38580129324600004
892,0.5793903076264999,0.4679655583300678,0.4774265587629729,0.42936,0.5366230553119999,0.397674716563,0.413882609435
893,0.6190602066018315,0.6716311423394071,0.5513266626532294,0.45465,0.809567653337,0.581940203446,0.59746209196
894,0.89749553485751,1.0645240582204154,0.9190888518226785,0.6200100000000001,0.9603065663,0.941069311983,0.959963582904
895,1.2557128211467883,1.2246272142639636,1.035137483395135,0.9465399999999999,0.869358848646,1.09171311769,1.10699281667
896,1.2207080401007353,1.0999092615827575,1.179290660456526,1.079,0.779078442204,0.996540838987,1.00284442661
897,0.955021442997233,0.9162080973988878,0.8365266806094538,0.9851700000000001,0.76883089424,0.845768790794,0.842990354801
898,0.7672089315634427,0.8276019175085245,0.6711727798924656,0.8411799999999999,0.7714536128530001,0.7636585882860001,0.7610936556669999
899,0.6975632406564163,0.7604696523487757,0.6878871076420588,0.76741,0.77161319125,0.700563449869,0.6973317575749999
900,0.6354956985989867,0.7071311884105533,0.6610092350686431,0.70997,0.790881412937,0.6508388312210001,0.647134286344
901,0.6391340808694197,0.6861124640237612,0.6393761354805314,0.66476,0.809699400155,0.627379120269,0.622957947981
902,0.6857074813884437,0.6743874641706349,0.6552917279508179,0.64298,0.855714935008,0.618657646517,0.613190580338
903,0.7362681107867043,0.7095284209537875,0.6643194595865315,0.63418,0.955672769083,0.6632439844129999,0.657691197969
904,0.8376208935475798,0.8486518335625748,0.7826334197355982,0.67427,1.1804735361,0.819486565347,0.815329780253
905,1.018080425752765,1.1288046051731113,1.0264517483847038,0.81626,1.26939954458,1.09753694377,1.08826832044
906,1.2950910493484857,1.354988337973014,1.156972502996259,1.0621,1.28382760291,1.30998113249,1.3087702777299999
907,1.4310546097059205,1.4019713090186094,1.3794144712198273,1.2607,1.32974536287,1.29443700688,1.2951450474600001
908,1.3440687393661617,1.33037063412256,1.2190916138354604,1.2485,1.23497247556,1.23508891289,1.23554293427
909,1.2150276150286552,1.1985803723782114,1.1742647919615774,1.1948,0.996888874012,1.1193099309899999,1.11902933158
910,1.026259714688254,0.9787642093333999,0.975734314747607,1.0898,0.7856717583570001,0.914664180055,0.911683525045
911,0.7654671428953717,0.7728821702441332,0.7224471005675975,0.9030600000000001,0.55747057279,0.717143444729,0.711577235862
912,0.6146027057951513,0.5431330253301822,0.5567122618897327,0.7228100000000001,0.454171901226,0.5009203690039999,0.48587593631399995
913,0.40773365922525806,0.45290083683237653,0.356908708988421,0.5195,0.406609911408,0.410422953598,0.39935496711199997
914,0.475943155270181,0.42874320101362795,0.3552534211682783,0.44156999999999996,0.389561275559,0.384321156919,0.37530570622000003
915,0.48830704953191817,0.42903949766255883,0.406042174609175,0.4199,0.394680037942,0.38580129324600004,0.376021153328
916,0.5652556822212667,0.45516824396306493,0.4672476122002852,0.42055,0.526835185782,0.413882609435,0.400157709446
917,0.6022371994742561,0.6569289296725622,0.5321288663042459,0.44228999999999996,0.800325985669,0.59746209196,0.572717981911
918,0.8775684869688897,1.0467652969609356,0.8869542084061927,0.59773,0.945418880018,0.959963582904,0.91093564959
919,1.2407660402174119,1.2169936499414282,0.9997183436055305,0.90238,0.847295843946,1.10699281667,1.0528250155299999
920,1.1897168172334034,1.0821422068944428,1.1132270625929548,1.0302,0.739600105414,1.00284442661,0.948562093193
921,0.9502082452254006,0.9033285098239052,0.7858498387161807,0.93627,0.720190920295,0.842990354801,0.800138469116
922,0.75288072971411,0.8150238275419606,0.6402432916253371,0.8025800000000001,0.723677907754,0.7610936556669999,0.724838897057
923,0.6960215363782846,0.7485144457000972,0.6616400087958448,0.73475,0.746346877079,0.6973317575749999,0.667294313421
924,0.6285673011703603,0.6945842705273569,0.6375599660669812,0.68292,0.7948337283499999,0.647134286344,0.620831548869
925,0.6354259626833757,0.6727579519627389,0.6147103449991116,0.6410600000000001,0.858322724398,0.622957947981,0.6000788668479999
926,0.6732379153062936,0.6601266539158256,0.6334798766869811,0.62237,0.899290885077,0.613190580338,0.592248413161
927,0.7227495229721577,0.6939157463194838,0.64086074679562,0.61532,1.0156793300700002,0.657691197969,0.636665699322
928,0.8201198859462596,0.831375912065862,0.7565164294308065,0.65533,1.21966501911,0.815329780253,0.7887955960969999
929,1.0009470885301357,1.1079464529989271,0.9876594938778962,0.7923600000000001,1.32855516188,1.08826832044,1.0515837447799998
930,1.2702969397539217,1.3405372373385658,1.1222768255602718,1.0291,1.3513478885199999,1.3087702777299999,1.2651955296700002
931,1.4237768003865505,1.3932334354333322,1.332354118153289,1.2215,1.3775490914,1.2951450474600001,1.24600029684
932,1.3333658842007545,1.3270410092228038,1.1670137655166712,1.2042,1.2768395140200002,1.23554293427,1.18896711877
933,1.2109358113239859,1.1949570195491352,1.1322561567324985,1.1528,1.06277759971,1.11902933158,1.08053864644
934,1.0217381764333173,0.9720503495759478,0.9449924252479031,1.0552,0.852050759929,0.911683525045,0.880967937879
935,0.7667832429367161,0.7648906067431798,0.695304308602455,0.87539,0.6076106320269999,0.711577235862,0.692070315247
936,0.6161242407335308,0.5367483077787605,0.5418175488535373,0.70523,0.5005811578930001,0.48587593631399995,0.48422446538900005
937,0.4131916104509633,0.44789196822581356,0.3616308785288964,0.5180100000000001,0.451514793803,0.39935496711199997,0.39431719277099997
938,0.4785972333224879,0.4273479702777393,0.35081252937949237,0.43703000000000003,0.420381759571,0.37530570622000003,0.366643183102
939,0.49305161521877544,0.43230623832777376,0.3963010454441471,0.4121,0.422009395213,0.376021153328,0.36889441066399997
940,0.5680148120289276,0.4616571101658152,0.4618421801457025,0.41413,0.5599174338440001,0.400157709446,0.393989315876
941,0.6070073898924607,0.6644882317138527,0.5264736815770082,0.43673,0.7973752869699999,0.572717981911,0.567769649591
942,0.8844279756389708,1.055378502350699,0.8804283483716735,0.59327,0.997931549815,0.91093564959,0.904318881177
943,1.2607290591240083,1.2324670570822507,0.9895304683701688,0.8964200000000001,0.918725256962,1.0528250155299999,1.04911185264
944,1.211627517976913,1.107756945304277,1.1127181509881625,1.0268,0.814086986696,0.948562093193,0.9526646466940001
945,0.9593709079770556,0.9213381514181278,0.7954302838487137,0.9399700000000001,0.7841943895579999,0.800138469116,0.8021928952320001
946,0.7670920761923435,0.8274658694524871,0.6395222796620832,0.80443,0.775620126281,0.724838897057,0.726585379116
947,0.7038039903854288,0.7568502243648518,0.6626597545303226,0.73632,0.8281682954080001,0.667294313421,0.668985521917
948,0.6370250548058836,0.7003542226924604,0.638386858679034,0.6844399999999999,0.859065572812,0.620831548869,0.622291628815
949,0.6392814316354423,0.676039754043914,0.6150735611223502,0.6423800000000001,0.906181234172,0.6000788668479999,0.601504344283
950,0.6805549092188701,0.6659353829183798,0.6342346719635181,0.62366,0.955651212074,0.592248413161,0.593618630146
951,0.7260868961315283,0.7014565678426614,0.6414893347933662,0.61655,1.07728221961,0.636665699322,0.638041021113
952,0.822966947072129,0.8376133680616409,0.757413596609813,0.65657,1.2930383843000002,0.7887955960969999,0.790400859623
953,1.002833291344713,1.1082009142409421,0.9885499328807613,0.79381,1.36000972414,1.0515837447799998,1.05391959209
954,1.2763024830652814,1.3500548773456318,1.1240232948693718,1.0312,1.37788529132,1.2651955296700002,1.26777166516
955,1.4242702225563812,1.4002787263524796,1.3349420839367487,1.2238,1.3948611027899998,1.24600029684,1.24840754421
956,1.3408091614252715,1.3343119400474381,1.1692896919716702,1.2064,1.27833207376,1.18896711877,1.19114904239
957,1.2189451225548078,1.2035208037885996,1.134167415813644,1.1548,1.04857686022,1.08053864644,1.08241017636
958,1.0312323538964752,0.9804293237657323,0.9465952468193058,1.0568,0.826179715866,0.880967937879,0.882532459791
959,0.7716335402353969,0.7701022877251964,0.6967517385547768,0.8768,0.58484528207,0.692070315247,0.693212805305
960,0.6230460515054307,0.5416840350189507,0.5428059423528279,0.70626,0.477269590577,0.48422446538900005,0.485232779645
961,0.40983841803426624,0.44777730389480425,0.3626258021968266,0.5189199999999999,0.428722926618,0.39431719277099997,0.398483726694
962,0.47553337996363076,0.425176493829865,0.356597601148474,0.44078,0.411731013265,0.366643183102,0.37289588498099996
963,0.4829560510853161,0.42787336156432887,0.40494374678555345,0.41773000000000005,0.41900600834799995,0.36889441066399997,0.373853724545
964,0.5569942469783107,0.4547961087967668,0.4662757184081365,0.41858999999999996,0.562234925216,0.393989315876,0.398495979036
965,0.5950115961037477,0.6550174905272992,0.5299997694386409,0.44078999999999996,0.8611475307200002,0.567769649591,0.573825221949
966,0.8724524637287125,1.0447548186843094,0.8881512468921877,0.59872,1.00979635502,0.904318881177,0.913671418369
967,1.2397725576984187,1.214336780189743,0.9963127928000715,0.90485,0.9220366389839999,1.04911185264,1.05850448119
968,1.1909854830748385,1.0833491344317925,1.1238022262251868,1.0353,0.802216794843,0.9526646466940001,0.954971384708
969,0.9534435671710824,0.9048606375771802,0.7915497318072116,0.94205,0.7807007212389999,0.8021928952320001,0.8039416053849999
970,0.7551087048414629,0.8142267388298638,0.6411698501211922,0.8059999999999999,0.79941766584,0.726585379116,0.728160452456
971,0.6916837478235601,0.7427515175223294,0.6639793354499507,0.73774,0.8371240466359999,0.668985521917,0.670269646202
972,0.6246782569934085,0.6862735115123664,0.6398727616602614,0.6856,0.8722186826649999,0.622291628815,0.6234750709929999
973,0.6275381258720671,0.6632526100874254,0.616835499992945,0.64345,0.933563782253,0.601504344283,0.602735670283
974,0.6685552818904642,0.6538415331453417,0.636145809009848,0.62476,0.9860116398909999,0.593618630146,0.594699972962
975,0.7151209022015588,0.6904020796730869,0.6430036477196162,0.61753,1.08374504374,0.638041021113,0.639224136934
976,0.813115612676966,0.8271633134328342,0.7593642085410209,0.65763,1.3211117611299998,0.790400859623,0.791754605743
977,0.9953817290448322,1.0957336136122238,0.9908080443870271,0.79503,1.41041535523,1.05391959209,1.05820968566
978,1.2642817965102677,1.3386308748382398,1.129098455329925,1.035,1.40770933309,1.26777166516,1.2697053868500001
979,1.4278901877723977,1.396090512451667,1.33666099730613,1.2256,1.4404499491100002,1.24840754421,1.2504174814799998
980,1.3363049827670577,1.3331096241535103,1.1714128088208338,1.2082,1.3279185638600002,1.19114904239,1.19302967441
981,1.2179572181322413,1.2017276334064662,1.1358001007185499,1.1565,1.08500522548,1.08241017636,1.0842247814200001
982,1.026300644604498,0.9769091441052273,0.9484291925460746,1.0585,0.857574079807,0.882532459791,0.883981273255
983,0.7652566551102884,0.7652327686854694,0.6980451979091877,0.8781,0.6119939803800001,0.693212805305,0.6969640372020001
984,0.6109517574532646,0.5322386789912199,0.5477518242974677,0.7096399999999999,0.49404189693499995,0.485232779645,0.492772069132
985,0.4157037654348992,0.44387888977225126,0.371916452519471,0.52571,0.44332037283500003,0.398483726694,0.40574919897600004
986,0.46638372224796293,0.42160479203082907,0.364441407107214,0.44733,0.410798129891,0.37289588498099996,0.380903003177
987,0.48721648938109047,0.4265000805475394,0.4140428383286719,0.42494,0.40613255846199997,0.373853724545,0.383911476179
988,0.5598696317486267,0.45773116249822127,0.4790878121231858,0.42765,0.534724723622,0.398495979036,0.41006817084299996
989,0.6105049985828711,0.6629995789467484,0.5430373573400624,0.45121999999999995,0.763972846258,0.573825221949,0.5845459340879999
990,0.9079972581757836,1.0647291178060798,0.8947717609642138,0.60838,0.958184554364,0.913671418369,0.929026681673
991,1.3194971068394794,1.2638082165517437,1.0125853870727854,0.9186799999999999,0.881583950103,1.05850448119,1.07229703913
992,1.2519986530956855,1.1496949997907246,1.1360024802278323,1.0477,0.8158762265009999,0.954971384708,0.970822959328
993,1.0198878696088935,0.9713140324895622,0.809455678804891,0.9563299999999999,0.826589387437,0.8039416053849999,0.814962456041
994,0.8016932014260146,0.8743066646163475,0.6469288284411995,0.81593,0.866766069245,0.728160452456,0.733243356787
995,0.7369479872984163,0.798017046512493,0.6607362632188877,0.74232,0.9201691986220001,0.670269646202,0.672226272576
996,0.6510650683116908,0.7322505391023537,0.6391461237768861,0.6873600000000001,0.983991029046,0.6234750709929999,0.625485830751
997,0.6505553302864153,0.6997783061729816,0.6211678354915626,0.6452600000000001,1.06293275349,0.602735670283,0.604748151677
998,0.6865894023271271,0.6836464287101228,0.6401730266408409,0.62658,1.13037538951,0.594699972962,0.596758208926
999,0.7335235324546593,0.7155762538987297,0.6471693177220211,0.61938,1.20993940213,0.639224136934,0.642816119195
1000,0.8393291066617695,0.852456068738696,0.7669490778606023,0.66087,1.4181387124399998,0.791754605743,0.797099412593
1001,1.031732072827793,1.122230305014373,0.9978640635964412,0.79984,1.45201600307,1.05820968566,1.07543288984
1002,1.332059976511908,1.3869162013422818,1.148027189602402,1.0506,1.43130543928,1.2697053868500001,1.27687347489
1003,1.4816729047468995,1.4510931911076508,1.3429258843588268,1.232,1.45527182391,1.2504174814799998,1.25724646229
1004,1.4082515111548988,1.3959660098374496,1.1780545892096181,1.2143,1.34431412575,1.19302967441,1.20055814215
1005,1.273097506202142,1.2670840291751977,1.1443601560754681,1.1633,1.12878648604,1.0842247814200001,1.09331292485
1006,1.0788224505363988,1.0382808734525866,0.9589982767966465,1.0667,0.9207796391899999,0.883981273255,0.8955868278419999
1007,0.804984833974204,0.8209264713518222,0.7109493367952284,0.88856,0.693146768466,0.6969640372020001,0.708912274981
1008,0.639015842782726,0.5822066262015151,0.559781942611517,0.72041,0.579224741071,0.492772069132,0.547475405955
1009,0.41450316109444485,0.4690697385591768,0.44446235204983653,0.57499,0.51298267,0.40574919897600004,0.456847602848
1010,0.484580437852707,0.4413874264396231,0.4196375754523559,0.49335,0.49555641825,0.380903003177,0.429735887883
1011,0.49639776854785367,0.4446583803931448,0.46499199486120285,0.46893,0.48923188416900004,0.383911476179,0.430195709153
1012,0.579013993302556,0.4756004492434077,0.5235359160170647,0.46935,0.6250041478630001,0.41006817084299996,0.45423902877300004
1013,0.628386655504916,0.6828567490479566,0.5834606670728992,0.491,0.9065737734460001,0.5845459340879999,0.63464066394
1014,0.9293417565733916,1.0871210487590932,0.9523202743353478,0.6535,1.0579033464899998,0.929026681673,0.9859692553489999
1015,1.3250210636723145,1.266395852387749,1.0598651901357243,0.9699700000000001,0.970405148049,1.07229703913,1.15361877058
1016,1.2741053271625753,1.1547409752861006,1.2340682338279307,1.121,0.919580933821,0.970822959328,1.0392439285200001
1017,1.0262407478813582,0.9780345582344692,0.8654253805702106,1.018,0.934009618812,0.814962456041,0.8637638461660001
1018,0.8111203443266439,0.8833610251954911,0.6768102491427376,0.8598899999999999,0.988128350827,0.733243356787,0.781318040101
1019,0.73890393793216,0.8076409085609134,0.7050220971045214,0.78563,1.05358499414,0.672226272576,0.7219425518829999
1020,0.6539231324459642,0.7429075662595306,0.691586363085004,0.73214,1.11769032199,0.625485830751,0.673871580879
1021,0.6559122703439226,0.712637354171418,0.6693376711199294,0.68884,1.22335930266,0.604748151677,0.654147539828
1022,0.6884048577091768,0.6937421182801107,0.6922711073354705,0.6710699999999999,1.28490550987,0.596758208926,0.648890192555
1023,0.7441048320413143,0.7263230878147449,0.7041633656592186,0.6663399999999999,1.3607286904,0.642816119195,0.697593218691
1024,0.848111592277914,0.8622162826590272,0.8249233025201588,0.71021,1.62128220472,0.797099412593,0.866626951073
1025,1.0468657976062539,1.1330750149238424,1.0778804264235389,0.8624700000000001,1.61464822734,1.07543288984,1.15693962396
1026,1.3466736252103202,1.392566391986985,1.2137204950452019,1.124,1.53245343741,1.27687347489,1.37187174836
1027,1.4932334999173538,1.4583208435969146,1.4468788748987205,1.3176,1.5179950233200001,1.25724646229,1.3310661998200002
1028,1.4177737374615282,1.4023883610314907,1.226363335208355,1.2808,1.37003550835,1.20055814215,1.271175213
1029,1.2788797374729388,1.2746383011508693,1.2205321784803456,1.2269,1.15722645265,1.09331292485,1.15951958487
1030,1.079012605432967,1.0457443685273073,1.0205659946376608,1.1263,0.924011931842,0.8955868278419999,0.949220551823
1031,0.8072932933303766,0.8278956344218702,0.7608156479327634,0.9368700000000001,0.656271356714,0.708912274981,0.753316485368
1032,0.639807967047683,0.58824519019068,0.6024676165696281,0.7604,0.5265383006409999,0.547475405955,0.542005138394
1033,0.4038734348753765,0.47396320169791467,0.4206441144117581,0.57006,0.460307298777,0.456847602848,0.44707730639700005
1034,0.49217751128599707,0.445310607456031,0.4022542173481293,0.48455,0.436908026933,0.429735887883,0.418582987553
1035,0.5008977599671223,0.4487472825585826,0.44618701314099035,0.45888999999999996,0.42387038773,0.430195709153,0.419568602751
1036,0.5903503499314451,0.48071012882593667,0.5097469861170565,0.45976999999999996,0.551715729606,0.45423902877300004,0.446802310696
1037,0.6317589904810537,0.6872222641052661,0.584047566079346,0.4843,0.822167197129,0.63464066394,0.641584644222
1038,0.9169113802370155,1.081878759082253,0.9774670940077288,0.65976,0.9921940083249999,0.9859692553489999,1.0228845114899998
1039,1.2753540170542919,1.2363921361928556,1.0858881402231042,1.0032,0.945379943859,1.15361877058,1.1947721676799998
1040,1.2237752973099498,1.1043016426456023,1.2860117202186194,1.1581,0.919142435035,1.0392439285200001,1.08522417029
1041,0.9664360469106699,0.9202020666121953,0.9109156665447312,1.0594,0.96175653106,0.8637638461660001,0.9089589191590001
1042,0.7588548646916964,0.8275761212869243,0.7213590807114992,0.9006,0.97572271045,0.781318040101,0.820244269505
1043,0.6889444434330185,0.7560757260505484,0.7358759676845003,0.8206899999999999,1.0096735129799999,0.7219425518829999,0.7540609350949999
1044,0.6179616406259336,0.7000937166122204,0.7153754861298665,0.76107,1.05768712402,0.673871580879,0.7013817846070001
1045,0.6171881607454467,0.6715273458357768,0.6929616030693604,0.71362,1.15918178318,0.654147539828,0.6779513431640001
1046,0.6631613028175398,0.6575922067574789,0.7138014915609483,0.69252,1.30595189545,0.648890192555,0.670586951808
1047,0.7170681898006873,0.6920638406706081,0.7275991656790893,0.68588,1.40462697305,0.697593218691,0.719484868477
1048,0.8214792896622767,0.8281165604631582,0.8519175465080588,0.72993,1.7722701257,0.866626951073,0.8942000835639999
1049,1.0076797300477347,1.094777101979837,1.1165255724820504,0.88731,1.69577152432,1.15693962396,1.18792827549
1050,1.28018886980223,1.3340000473789382,1.2417241872743683,1.1519,1.59559392463,1.37187174836,1.41726742361
1051,1.4333899987809076,1.3936787901612375,1.4955669115034274,1.3585,1.61436409053,1.3310661998200002,1.3824283956999999
1052,1.339725697222991,1.331603668133516,1.2811808500778763,1.3271,1.4372030289200002,1.271175213,1.31975553683
1053,1.2118547562387256,1.2029975714838104,1.2639915804687742,1.2706,1.17335859644,1.15951958487,1.19957670705
1054,1.0166074698400545,0.9811342963198874,1.0529824123330624,1.1624,0.9368757211319999,0.949220551823,0.9809175140719999
1055,0.7556101080789718,0.7684724573555071,0.7891518287440145,0.9654200000000001,0.701147343896,0.753316485368,0.7716223968610001
1056,0.6042333516102834,0.5341637852020463,0.61564442049635,0.77689,0.573139103152,0.542005138394,0.536917534605
1057,0.3998265117446508,0.44757149282732456,0.4071603208032508,0.56548,0.521584622673,0.44707730639700005,0.439751026616
1058,0.47041729249868863,0.4223015385705447,0.39098371074119465,0.47795,0.48866549846999996,0.418582987553,0.409499915336
1059,0.48759708758295384,0.42283373334741264,0.43233619293176284,0.4507,0.47594377295699997,0.419568602751,0.40835491038500005
1060,0.5688373518094738,0.4530636330846133,0.4932172768633032,0.44966999999999996,0.605586574094,0.446802310696,0.43353763699600006
1061,0.609196902921197,0.6578933811920599,0.5691969111283587,0.47236000000000006,0.896965433655,0.641584644222,0.6276047778589999
1062,0.8853708272109189,1.048486389673771,0.9704744364995521,0.64717,1.04780639658,1.0228845114899998,1.0077152502
1063,1.2436427347234948,1.2095608320341973,1.075094148789006,0.98956,0.969740858489,1.1947721676799998,1.18744128973
1064,1.1949258736747357,1.0798498317930534,1.279827658806876,1.1514,0.8531863619939999,1.08522417029,1.0825809259499999
1065,0.9427157600594976,0.8984216696176242,0.9112656028899897,1.057,0.8733896453479999,0.9089589191590001,0.907155694647
1066,0.7436078616021774,0.8101137031903558,0.7202831863674923,0.8989799999999999,0.8951541378,0.820244269505,0.8206688147910001
1067,0.6791286477868185,0.7429364382315402,0.739294101195396,0.8210700000000001,0.918859307112,0.7540609350949999,0.7552469015950001
1068,0.6150280785743445,0.6882746310155319,0.7171050289975732,0.7621399999999999,0.979874743607,0.7013817846070001,0.702664258455
1069,0.6224991017669589,0.6654604685558573,0.6935214159892071,0.71478,0.9887008345730001,0.6779513431640001,0.679270493284
1070,0.6693785876614435,0.6552574897150721,0.7143604871061996,0.6937,1.07481071841,0.670586951808,0.671846997257
1071,0.721440506810074,0.6902203286324389,0.7279024361445176,0.68702,1.16540669047,0.719484868477,0.720771008158
1072,0.822214522287881,0.8258336602521942,0.852599823065064,0.73109,1.4015617129799998,0.8942000835639999,0.895595764251
1073,1.0042837954571446,1.089999783074476,1.1166850340784462,0.88856,1.44567847572,1.18792827549,1.1894853407
1074,1.2696049327431043,1.3319929519148976,1.2427298338896484,1.1533,1.4216730413299998,1.41726742361,1.41927372224
1075,1.4277671005345045,1.391668151668709,1.4974814846051494,1.3603,1.44031919458,1.3824283956999999,1.38433976854
1076,1.3305740981073177,1.331579527173577,1.2831083265555292,1.3288,1.3255081762899998,1.31975553683,1.32139887732
1077,1.2082099489937135,1.204054691739,1.2652214312431684,1.2721,1.08415003205,1.19957670705,1.2009805923999999
1078,1.014948553213382,0.9821681390788702,1.0542523219384263,1.1636,0.8783335138860001,0.9809175140719999,0.9820148545469999
1079,0.7555464328766153,0.768686683411306,0.7901653324937078,0.96641,0.615284186221,0.7716223968610001,0.7723016941040001
1080,0.605405436810874,0.5327001058556547,0.6162017818799874,0.7775,0.498228144833,0.536917534605,0.530015934728
1081,0.4042922882849348,0.4415143325149552,0.3976458911621227,0.5592600000000001,0.433996854737,0.439751026616,0.43627168813199996
1082,0.4753063415646089,0.41909837260399013,0.38819057585382905,0.47481999999999996,0.39718854976400003,0.409499915336,0.406737212402
1083,0.4913744550395143,0.42241425480712136,0.43010902036863796,0.44822,0.39350374457099996,0.40835491038500005,0.40519580828199997
1084,0.568492076518279,0.45245698930235256,0.48992543327856763,0.44683,0.530639798904,0.43353763699600006,0.427216530335
1085,0.6080456292920942,0.6568962030845733,0.5585945540056915,0.46666,0.811147154895,0.6276047778589999,0.609123071482
1086,0.8832804296814768,1.0476151577534452,0.9428448392647646,0.63052,0.955843823381,1.0077152502,0.965355679707
1087,1.2418352632927712,1.2149477902097494,1.0474920601299904,0.9514,0.859599057106,1.18744128973,1.13787514933
1088,1.202326094467058,1.089744736663589,1.2185324403267686,1.1068,0.736996100838,1.0825809259499999,1.0325840138200002
1089,0.9575533052110601,0.9130332908858237,0.8645198789673798,1.012,0.704804416329,0.907155694647,0.8626000442799999
1090,0.7617683668399515,0.8262376090580825,0.6808011017362549,0.8588399999999999,0.7252738490459999,0.8206688147910001,0.782794227731
1091,0.7022725908637,0.7612347053019218,0.710979101534387,0.78696,0.791222932979,0.7552469015950001,0.7242056070180001
1092,0.63416060706402,0.7055817051121288,0.6941662977536838,0.73418,0.867286637318,0.702664258455,0.6759334665100001
1093,0.6392223726935471,0.6799406323413114,0.6697306499168235,0.6907,0.922864951397,0.679270493284,0.656243427076
1094,0.6820255230823278,0.6673548360620951,0.6932236712421018,0.67296,1.01016701743,0.671846997257,0.650772182696
1095,0.7291890231144812,0.7002598305811197,0.7044928743073848,0.66803,1.08768123911,0.720771008158,0.69953561845
1096,0.8316588717070358,0.8364663446747497,0.8261375686758814,0.71196,1.28228456844,0.895595764251,0.868865220255
1097,1.0110121885137564,1.0993227504886676,1.0784765670365752,0.86449,1.33354312378,1.1894853407,1.15653537598
1098,1.3000579002082866,1.3565915394334565,1.2122262481020742,1.1236,1.33064626134,1.41927372224,1.3752345546899998
1099,1.4252886893208592,1.409839516397577,1.4501634452624237,1.3206,1.36469285854,1.38433976854,1.33457896012
1100,1.3520703258298217,1.3488619126064192,1.2302488079722906,1.284,1.02506291186,1.32139887732,1.2741984313299999
1101,1.2219159190919018,1.2231047188613426,1.2226742611833834,1.2296,0.786954137878,1.2009805923999999,1.1619096355299998
1102,1.0489263404270575,1.0059200816519667,1.0225192908907823,1.1285,0.623515842075,0.9820148545469999,0.9506755409819999
1103,0.7868328032605412,0.7982671540693568,0.7618977965439414,0.9381799999999999,0.502105335195,0.7723016941040001,0.7522656123620001
1104,0.6415516964042309,0.5662347483468237,0.6003359484465507,0.75946,0.40039171474699997,0.530015934728,0.529745291973
1105,0.43651000929509953,0.47325595025028205,0.4041235109508326,0.55902,0.36048699568899994,0.43627168813199996,0.435904332998
1106,0.5032890393142491,0.44936722581024013,0.3901069214731911,0.47448999999999997,0.34709448922499997,0.406737212402,0.406321276386
1107,0.5241215603722243,0.45540581728779056,0.4321290302703588,0.44783999999999996,0.35625526390900003,0.40519580828199997,0.40497365376
1108,0.5916965750077798,0.48509962562949094,0.49171710676236985,0.44663,0.493965326801,0.427216530335,0.427278052231
1109,0.6334419888851428,0.6875230996438105,0.5583277153942406,0.46671999999999997,0.7661894728990001,0.609123071482,0.609692024251
1110,0.9041760908509873,1.0747464664064554,0.9408503910055985,0.63103,0.912011588747,0.965355679707,0.9670091193629999
1111,1.265513370334271,1.2450267623455513,1.0462565764728446,0.95289,0.8306340491230001,1.13787514933,1.14009924644
1112,1.2216198076982159,1.1177749845315774,1.2220205681965943,1.1088,0.754425777272,1.0325840138200002,1.0343591511499999
1113,0.9811806425308562,0.9370500853286929,0.8657386198970947,1.0136,0.739510412437,0.8626000442799999,0.864258313807
1114,0.7896837386009017,0.8504424551092227,0.682308907629309,0.86034,0.742296952271,0.782794227731,0.784690334129
1115,0.7276648416825238,0.7842029541797013,0.7131336113501653,0.78866,0.761049208862,0.7242056070180001,0.725991732057
1116,0.662116934931693,0.7295926731363096,0.6956628367706871,0.7357899999999999,0.799849679635,0.6759334665100001,0.6775317173659999
1117,0.6645496189705153,0.7057277077165213,0.6709363935265235,0.69214,0.85728591903,0.656243427076,0.657696831179
1118,0.696911766500394,0.6895306576973349,0.6943908195041384,0.67427,0.8996693606999999,0.650772182696,0.652065396142
1119,0.7447170756460426,0.7214420405567666,0.7055384899579793,0.6692,0.978408350569,0.69953561845,0.701006501523
1120,0.8390219331600212,0.853539533677597,0.8279739682272286,0.71328,1.1151568357600001,0.868865220255,0.8705617060709999
1121,1.021854799427079,1.1171095538384874,1.0799735913102833,0.8660100000000001,1.2441247210600002,1.15653537598,1.16199253067
1122,1.3191644411518426,1.3698713706097823,1.217843868613109,1.1285,1.25730289809,1.3752345546899998,1.37793260084
1123,1.4360432223886272,1.426874124675642,1.452957263227097,1.3230000000000002,1.2871202341799999,1.33457896012,1.33720950825
1124,1.369606652529055,1.3663894375856476,1.2326668300036385,1.2864,1.17056612073,1.2741984313299999,1.2767026271700002
1125,1.2370885347685394,1.2415728605653338,1.2250768282819287,1.2319,0.939068260211,1.1619096355299998,1.16437413462
1126,1.058835179764535,1.0184355593040828,1.0249813214549819,1.1307,0.7156097063169999,0.9506755409819999,0.9531452937899999
1127,0.7974735733180532,0.8075058304787439,0.7644078841320057,0.9404,0.473543935516,0.7522656123620001,0.756345295359
1128,0.6503511719846692,0.5760696209263776,0.6052003199044411,0.76313,0.3671949523,0.529745291973,0.537691510377
1129,0.4390796046951457,0.47884387578925963,0.41367564511605964,0.56617,0.34201037615999996,0.435904332998,0.445758995577
1130,0.5054543064404169,0.45539764417572004,0.40149425911867115,0.48336,0.340260780457,0.406321276386,0.41892791104800003
1131,0.5145870079790928,0.4543062153819788,0.4476701599099029,0.4592,0.356893277033,0.40497365376,0.41833646885700004
1132,0.5865594131084508,0.48183417453617133,0.50724540118606,0.45866,0.49529283876100005,0.427278052231,0.44191988330700005
1133,0.6236431834503862,0.6814188659149245,0.5742028312754592,0.47991000000000006,0.768705949594,0.609692024251,0.625875428622
1134,0.9004191609497327,1.0671742754374982,0.9554695650982321,0.64561,0.905373658191,0.9670091193629999,0.982595148387
1135,1.2774696326483548,1.2465319781098505,1.0582641134740627,0.96693,0.8100482269670001,1.14009924644,1.16314589434
1136,1.2125300145142788,1.1180482643347163,1.248826396639394,1.1296,0.681480405721,1.0343591511499999,1.05090565958
1137,0.9775687528658216,0.9322856361607004,0.8774815168468194,1.0285,0.66795840154,0.864258313807,0.8763372931029999
1138,0.7766862666880686,0.8389051983915314,0.6902634926478923,0.8712200000000001,0.6889352067450001,0.784690334129,0.794940187578
1139,0.7179527403011214,0.7704500390467002,0.7201811813482044,0.7979,0.732370971239,0.725991732057,0.73014060825
1140,0.6419055946008485,0.7126580392176435,0.692749889423341,0.73953,0.797150693278,0.6775317173659999,0.679324393331
1141,0.6447809317568608,0.6847503863735599,0.6717441859169947,0.69375,0.883396809163,0.657696831179,0.659205454859
1142,0.684690942020064,0.674298815916827,0.6978805515790916,0.6756300000000001,0.959205574692,0.652065396142,0.653476400904
1143,0.7246321857920479,0.7066601963074174,0.7096120901680194,0.67047,1.061940429,0.701006501523,0.702391102185
1144,0.8258545472609227,0.8395566223478035,0.83142999971171,0.71453,1.27989288488,0.8705617060709999,0.8738400535519999
1145,1.0034457624602426,1.1050173901114821,1.0888695000783788,0.86897,1.3518263203100003,1.16199253067,1.17705717165
1146,1.289117157184262,1.3401704329429505,1.232827176325572,1.1421,1.34392774535,1.37793260084,1.38366240454
1147,1.4266565795486859,1.402671392976897,1.4603425162201926,1.3282,1.36335572799,1.33720950825,1.3428849755599999
1148,1.3532649865033801,1.347711514187621,1.2367032893338945,1.2915,1.24014332911,1.2767026271700002,1.28534006916
1149,1.2256054741500215,1.2244289075886876,1.2389264577041876,1.2396,1.0118713776700001,1.16437413462,1.17507389321
1150,1.0463903150043194,1.004319767963958,1.0362178097467885,1.1403,0.791520759754,0.9531452937899999,0.966253369827
1151,0.7846424211065196,0.7943454817639692,0.7778255272772003,0.95221,0.552678658094,0.756345295359,0.769895270102
1152,0.6362647187489313,0.562764247503196,0.6181208671442227,0.7753399999999999,0.444103776005,0.537691510377,0.5501348816570001
1153,0.43651397442788187,0.4708609521452922,0.42485996344179905,0.57738,0.399073648989,0.445758995577,0.459731753324
1154,0.49020531017973556,0.44620034919047963,0.415520218254272,0.49595,0.384819240301,0.41892791104800003,0.43341751148
1155,0.5087754352502651,0.4460430810985053,0.4626555614201744,0.47225,0.38762190395199997,0.41833646885700004,0.433738909608
1156,0.5810227917822991,0.47542148898275044,0.5239331986638855,0.47253999999999996,0.5201590037430001,0.44191988330700005,0.457507184132
1157,0.6303636663089379,0.6801214988185011,0.589599671362148,0.49395,0.800522038844,0.625875428622,0.6408926301519999
1158,0.9236731705289648,1.0793191051755517,0.9684074994007323,0.65914,0.957702803628,0.982595148387,1.00814466886
1159,1.3375017438231058,1.2758990736948088,1.084504663977397,0.9899399999999999,0.884579070895,1.16314589434,1.17212021097
1160,1.261518258856257,1.1644453221679034,1.2522526607783702,1.1376,0.815046791997,1.05090565958,1.05747531409
1161,1.0355108934315065,0.9870778356164487,0.8826918287199107,1.0344,0.8287210605940001,0.8763372931029999,0.879698785238
1162,0.8149691257371371,0.8902981340828211,0.690929121728742,0.87424,0.8714357732160001,0.794940187578,0.792158551746
1163,0.7507354299138387,0.812399685808054,0.7091471706125668,0.7953899999999999,0.934804972399,0.73014060825,0.729227879737
1164,0.6588247109147465,0.7454918377394575,0.6952552540650285,0.7387,1.00163034902,0.679324393331,0.680228737687
1165,0.6609589380880472,0.7124388104057907,0.6767173099449603,0.69457,1.08306485744,0.659205454859,0.660556629561
1166,0.6895996933641833,0.6921765007714472,0.7010308158302127,0.67685,1.14481216715,0.653476400904,0.654528228776
1167,0.7429443782011239,0.7253695480661111,0.7112056779453444,0.67142,1.22457984499,0.702391102185,0.70331812371
1168,0.8415059458522337,0.8587626803843744,0.8331930422258664,0.71537,1.4587758026299997,0.8738400535519999,0.8746052903589999
1169,1.0376050526268663,1.1293942113049742,1.0913523767270665,0.86966,1.47506556579,1.17705717165,1.1748484352600002
1170,1.3311794509701602,1.374928749054642,1.2313358254086755,1.1401,1.45330520671,1.38366240454,1.38516800258
1171,1.4827022675342088,1.4457957780440798,1.461839701477688,1.3296,1.47776990324,1.3428849755599999,1.3420854055299998
1172,1.4067626065048109,1.3971622730428184,1.2338986941542494,1.2907,1.36726281137,1.28534006916,1.28275292118
1173,1.2724023875257648,1.2751592214573604,1.2342960107806422,1.2373,1.13995693485,1.17507389321,1.17076803883
1174,1.0734157797026946,1.0470984968002957,1.0310920438372795,1.1364,0.919235996703,0.966253369827,0.9610735811750001
1175,0.8022935895340066,0.8273877363628093,0.7732324326864918,0.9475399999999999,0.678576341772,0.769895270102,0.765994644717
1176,0.6325543993830431,0.584355564087916,0.6158670046360574,0.77182,0.561101743169,0.5501348816570001,0.545793777012
1177,0.40816495689045806,0.4669649590248577,0.42148078042378556,0.57347,0.506576542356,0.459731753324,0.454844465395
1178,0.47349820833809114,0.43408206706707264,0.4110575516949602,0.49155,0.48324989463600004,0.43341751148,0.426065603952
1179,0.4844461804327335,0.4302604649042634,0.45366096641170867,0.46563000000000004,0.468911295758,0.433738909608,0.42656549051700005
1180,0.5675212891355628,0.4584048006674914,0.5162420179301797,0.46608,0.596299144182,0.457507184132,0.450258829075
1181,0.6146685538930754,0.6633017225957611,0.5827400392548195,0.48741999999999996,0.851228898077,0.6408926301519999,0.634093527362
1182,0.9162010593280092,1.067708838500144,0.9632975436098055,0.6530100000000001,0.9886963043000001,1.00814466886,0.999049633961
1183,1.3071939762860003,1.2420297777512304,1.0755539796177895,0.98175,0.922199601204,1.17212021097,1.16444218722
1184,1.2586971816110237,1.1350411544884276,1.2450865708542684,1.1307,0.8756135864650001,1.05747531409,1.04903167002
1185,1.0182902114627477,0.9644516903438103,0.8737087651865005,1.0268,0.931256275447,0.879698785238,0.871555242962
1186,0.8062718797552922,0.8742334060360282,0.6830647324600336,0.8669100000000001,0.972392431709,0.792158551746,0.789700674327
1187,0.7360915132110585,0.8002553709729934,0.713909242113033,0.79318,1.00467693891,0.729227879737,0.729844601063
1188,0.6537182284580597,0.7407034310922582,0.6993166983499907,0.73926,1.03504697695,0.680228737687,0.6809478051710001
1189,0.6538521269462906,0.7113822723794647,0.6760948966721378,0.69522,1.11911645142,0.660556629561,0.660764117421
1190,0.6910114158587024,0.6957128824564528,0.6990059762190802,0.67703,1.16759165199,0.654528228776,0.6548114053199999
1191,0.7425765464627305,0.7279947375961138,0.7101832495923085,0.67167,1.20418243561,0.70331812371,0.70375548332
1192,0.8460992372845162,0.8618911281410288,0.8327445736810852,0.7157600000000001,1.4022632501299999,0.8746052903589999,0.873656403688
1193,1.0412262407227233,1.1306855648197813,1.0867447156358114,0.8688,1.44049241369,1.1748484352600002,1.16500089586
1194,1.3276327435395547,1.3717562840467912,1.2218600494874567,1.1312,1.44097081963,1.38516800258,1.3822572492299998
1195,1.4861542944224508,1.4390881688549362,1.4576826162320935,1.3269,1.48289407351,1.3420854055299998,1.34169314224
1196,1.4021142870079943,1.388257523629803,1.236955066203726,1.2904,1.3452167889700002,1.28275292118,1.2808956391
1197,1.2675448540217622,1.2658189684555001,1.228924758935375,1.2356,1.08515786042,1.17076803883,1.16811107424
1198,1.064198725452325,1.04135040059036,1.028438642308105,1.1340000000000001,0.8498688401610001,0.9610735811750001,0.9562261923559999
1199,0.7926014024604418,0.8220284497643516,0.7673861525734428,0.9431799999999999,0.611840360178,0.765994644717,0.760275491126
1200,0.6234170253877862,0.5790854841070535,0.6097402648321919,0.76667,0.365220784111,0.545793777012,0.546331667786
1201,0.38951256685031066,0.4618898034301299,0.4243774174642865,0.57396,0.340664435615,0.454844465395,0.451270495444
1202,0.47275609984343503,0.42943482354903817,0.4063120799476968,0.48833000000000004,0.364291654197,0.426065603952,0.42263563532399995
1203,0.47995901922150347,0.42735682346103443,0.44990936750226157,0.46253999999999995,0.393224605352,0.42656549051700005,0.42281418250299996
1204,0.5674097892689095,0.4541217285803997,0.5118981007081581,0.4627,0.52785561459,0.450258829075,0.44965911767899996
1205,0.6085627945633277,0.6578669655756471,0.5866053554087525,0.48688000000000003,0.7568972017990001,0.634093527362,0.646197294496
1206,0.8896588865915449,1.0495491279980926,0.9850419286666035,0.66391,0.9596134561480001,0.999049633961,1.03156827446
1207,1.247860948495461,1.2011140865339236,1.0931341091760913,1.011,0.8870499953659999,1.16444218722,1.21058945229
1208,1.214758479948967,1.081539654478058,1.3053320612646102,1.1723,0.832198647236,1.04903167002,1.10408705634
1209,0.953045319072471,0.9043588071859936,0.9310337746764049,1.0764,0.862078831648,0.871555242962,0.9260310528740001
1210,0.7630366237098034,0.8190507201213332,0.7367218767494148,0.9159799999999999,0.8917008676070001,0.789700674327,0.836314037325
1211,0.6914025402168343,0.7534745599875743,0.7504078439306678,0.83516,0.878105903307,0.729844601063,0.767556878735
1212,0.6240987295402882,0.7015982739243054,0.7255824218841718,0.77323,0.8858389644689999,0.6809478051710001,0.7111789166979999
1213,0.625825136456175,0.6782899798861513,0.6986793798348169,0.72245,0.9614360320149999,0.660764117421,0.686766169644
1214,0.6722980153035181,0.6669976392815155,0.7221190963959423,0.7004600000000001,1.0347105407100001,0.6548114053199999,0.677625996252
1215,0.7207883852469367,0.7002509375579774,0.7339462543955797,0.69222,1.11611544907,0.70375548332,0.7267250200640001
1216,0.826694506228795,0.8351374330320125,0.8618696240328984,0.73645,1.36591466678,0.873656403688,0.902481748798
1217,1.008312107753511,1.0977580710902752,1.1279930565656804,0.8947700000000001,1.37959502429,1.16500089586,1.1981014797799998
1218,1.28419371005543,1.3340605365205231,1.2524928360838634,1.1611,1.38882143775,1.3822572492299998,1.4294356775600001
1219,1.428951700329417,1.3882700360619635,1.5082355659076012,1.3694,1.4219494914700002,1.34169314224,1.39471260318
1220,1.339703946813838,1.327484813906801,1.2931781962294522,1.3382,1.3124118195,1.2808956391,1.33103957934
1221,1.2117600786753477,1.2045669349511743,1.273907454197729,1.2808,1.07808851326,1.16811107424,1.2093973848200001
1222,1.019270959661618,0.9886822835690383,1.0618364177283086,1.1712,0.850719348654,0.9562261923559999,0.9886189637360001
1223,0.7577629731803617,0.7786269505860421,0.7963131603052269,0.97236,0.617775167844,0.760275491126,0.776948850733
1224,0.6079760458028226,0.5449628987684711,0.6203941475621784,0.78169,0.507004256994,0.546331667786,0.53988151636
1225,0.40175638059527025,0.45518693100165875,0.40957293636148445,0.56815,0.45436899421000004,0.451270495444,0.44194158458599997
1226,0.47255490829560176,0.4277153029977078,0.3927116413593673,0.47993,0.43317645374499997,0.42263563532399995,0.415171720712
1227,0.4885953246570662,0.42606626023966815,0.4398822381659295,0.45581000000000005,0.434057723613,0.42281418250299996,0.41587551661899996
1228,0.5673031609433189,0.4522540889659582,0.5033170035114642,0.45645,0.5686190885019999,0.44965911767899996,0.440139908608
1229,0.6088470741520954,0.6537246725073242,0.5745713938982435,0.4783,0.856963259246,0.646197294496,0.638545616434
1230,0.8844255227948475,1.0432102399811132,0.9850931922137525,0.6570199999999999,1.0172060360100001,1.03156827446,1.03019718831
1231,1.2390567254739244,1.205422987723036,1.091931310697157,1.0098,0.936125942667,1.21058945229,1.2121266080600002
1232,1.193049508651508,1.0741194860475245,1.3090195184208229,1.1737,0.880919968876,1.10408705634,1.10272645969
1233,0.945475502282938,0.897936492494793,0.9270898424879991,1.0751,0.9057350794269999,0.9260310528740001,0.9206547241840001
1234,0.7482210679162526,0.8109339071991625,0.7278816241615595,0.91114,0.964085752509,0.836314037325,0.831424468257
1235,0.6847247043545247,0.7437514148260759,0.7454919245141445,0.83076,1.02928175369,0.767556878735,0.7638268300550001
1236,0.6144293751098514,0.6890397554073907,0.723501895706548,0.7698699999999999,1.0895319305,0.7111789166979999,0.7097725553219999
1237,0.6203651483165366,0.66478735433049,0.7003420015165402,0.72118,1.10982210669,0.686766169644,0.685539501724
1238,0.6674167025137605,0.6531754686272968,0.7211599840695666,0.69935,1.17549660582,0.677625996252,0.677403725639
1239,0.7184467696223709,0.689150662214394,0.7346976076191403,0.69202,1.27557571022,0.7267250200640001,0.72665149419
1240,0.8193506425250534,0.8241447688353437,0.8611617976460213,0.73638,1.5190003006400001,0.902481748798,0.902925743428
1241,1.0010128735671455,1.0871351768222968,1.127960695580084,0.89517,1.51368409322,1.1981014797799998,1.20682154564
1242,1.2662031919250243,1.3245744268526622,1.260712245321918,1.1689,1.4727578740600002,1.4294356775600001,1.4311976572299998
1243,1.4250114871474888,1.3830133404116578,1.5107558429360042,1.371,1.4816055901499998,1.39471260318,1.3967440478600002
1244,1.328559928768518,1.325196982543598,1.2948288358727265,1.34,1.35992033723,1.33103957934,1.3330592946100002
1245,1.206885794391158,1.2018447449119394,1.276132802324523,1.2826,1.11510570991,1.2093973848200001,1.21319443702
1246,1.0138189397330004,0.984643925718165,1.0673363801231195,1.1746,0.882922528847,0.9886189637360001,0.99532567231
1247,0.7547373086382104,0.774613978298502,0.8042763252238009,0.9784,0.6410718041350001,0.776948850733,0.7877205382729999
1248,0.6030037810460179,0.5389844120791123,0.632793268956234,0.7913899999999999,0.52941148453,0.53988151636,0.546692008481
1249,0.39491747431016533,0.4426848654191179,0.41510612939647995,0.57428,0.471090763217,0.44194158458599997,0.455890211097
1250,0.4623140167879799,0.413889474209311,0.4095714399366907,0.49249,0.44449032776299996,0.415171720712,0.42860092774999997
1251,0.4797032807426681,0.4129116796610817,0.4545312695571404,0.46791000000000005,0.445255958268,0.41587551661899996,0.429891224107
1252,0.5560172117665753,0.4403534251302077,0.5189407925427617,0.46907,0.5788496665990001,0.440139908608,0.454721896518
1253,0.5947016092869355,0.6407603155197611,0.5895113064053545,0.49144,0.86813659685,0.638545616434,0.6417195997649999
1254,0.8687630255160537,1.0272701404188966,0.9750637063882376,0.65988,1.02812140611,1.03019718831,1.0136028501999998
1255,1.2289903027937599,1.196980001986992,1.087980170805839,0.9948600000000001,0.955822519974,1.2121266080600002,1.1771996173600001
1256,1.1794240253133945,1.0685955600520936,1.2591237686060737,1.1422,0.905112314537,1.10272645969,1.0610542354299999
1257,0.9394036772361222,0.8909603511595195,0.8845680261689337,1.0376,0.925848660441,0.9206547241840001,0.8811578240350001
1258,0.7443807576532997,0.8043749963503803,0.6905720241758087,0.87556,0.970145860846,0.831424468257,0.7964699109610001
1259,0.6861964612140048,0.7382254625351721,0.7166585077685819,0.79927,1.0319942581700001,0.7638268300550001,0.733600395405
1260,0.6197944388336193,0.6861266191694796,0.6997152626710776,0.74264,1.09832686749,0.7097725553219999,0.683840791849
1261,0.6267594510477469,0.6653173933659604,0.6792334434473587,0.69782,1.17310065153,0.685539501724,0.66324844607
1262,0.6702358434331416,0.6540561273830328,0.7024245603757155,0.6792699999999999,1.2240869695899999,0.677403725639,0.657121058779
1263,0.7200960727892936,0.6893977337587536,0.7140441146215237,0.67375,1.2946317852299998,0.72665149419,0.70609462589
1264,0.8172149058832375,0.8240994387287888,0.8365754452280458,0.71787,1.52749408336,0.902925743428,0.876485325482
1265,0.996367590773223,1.083907921298347,1.092442530169803,0.87135,1.5342555642,1.20682154564,1.17495969772
1266,1.2634505007598114,1.3276770659712995,1.2327520996499894,1.1402,1.48822522979,1.4311976572299998,1.3866117162399998
1267,1.4197616045292176,1.3836660153236497,1.4625876518255705,1.3309,1.4948675901,1.3967440478600002,1.3460733442100001
1268,1.327722585935391,1.3254988438041408,1.2406992501723793,1.2943,1.3671946585799999,1.3330592946100002,1.28480203378
1269,1.207187935578401,1.2021115244800031,1.232392757405959,1.2391,1.1189114767100001,1.21319443702,1.17143439407
1270,1.017337364881806,0.9840869249533768,1.0313736467280703,1.137,0.882773708511,0.99532567231,0.9584607039849999
1271,0.7588550787451056,0.7748841715662521,0.7693164533294761,0.94519,0.629297880224,0.7877205382729999,0.76039727609
1272,0.6076379517943854,0.5401931640541564,0.60909638761435,0.76678,0.511582057077,0.546692008481,0.539056122131
1273,0.3994824132910457,0.44302683109544577,0.4144212973135148,0.5674,0.44783501897,0.455890211097,0.447027101205
1274,0.46749933330163984,0.4176786968014588,0.40260624213376683,0.48451000000000005,0.418661688243,0.42860092774999997,0.418613083789
1275,0.47853785088731204,0.41638026251572713,0.44592361097447947,0.45891000000000004,0.414852534239,0.429891224107,0.418613246298
1276,0.5531537666848726,0.44162042785189803,0.5074632833275321,0.45891000000000004,0.553077783715,0.454721896518,0.442889384859
1277,0.589608912848242,0.6399738738721202,0.5764312693418235,0.48078000000000004,0.802177963788,0.6417195997649999,0.628756284317
1278,0.8634962662792824,1.02439802453802,0.9603244962184515,0.6482,1.01362133121,1.0136028501999998,0.990689104429
1279,1.2209960036681966,1.192542220781527,1.0648025110989703,0.9742200000000001,0.9451645899590001,1.1771996173600001,1.1695469204100002
1280,1.176247143034748,1.0669752901998093,1.2559917574764186,1.1353,0.880918205436,1.0610542354299999,1.05840891639
1281,0.9353444154708825,0.8880008054785584,0.8852516538990454,1.0352,0.8896638591079999,0.8811578240350001,0.886547584605
1282,0.7437267541937634,0.8000082054704892,0.7030362769468679,0.88041,0.923281255184,0.7964699109610001,0.805630438761
1283,0.6856201961570427,0.7336570935272195,0.731928974600999,0.80753,0.948526015211,0.733600395405,0.7454406476600001
1284,0.6194806287216531,0.6810652358293449,0.7135185751371109,0.75331,0.9703588739839999,0.683840791849,0.6957925175390001
1285,0.6253199698274265,0.6605844064651344,0.6885318677762884,0.7085899999999999,1.02692598212,0.66324844607,0.6753303263689999
1286,0.6667662734516648,0.6504007734132753,0.7121090247186668,0.69016,1.02424502357,0.657121058779,0.669070610191
1287,0.7145859657885301,0.6853185362977605,0.7230081245332091,0.68452,1.0600176420899998,0.70609462589,0.7181061473260001
1288,0.8108826519768307,0.8196489674018326,0.8466299555056234,0.72869,1.21521800278,0.876485325482,0.887018620165
1289,0.9913880447702947,1.0792405472049742,1.0975000291394028,0.88084,1.32488296686,1.17495969772,1.18481546948
1290,1.2566625967962832,1.3247566853461439,1.2427643724525566,1.1491,1.3374630802,1.3866117162399998,1.40468766636
1291,1.4185712755373712,1.3818346449933847,1.4796061355617087,1.3471,1.3706003824000002,1.3460733442100001,1.3538175240099999
1292,1.326388640136014,1.3238773437160076,1.2400719952748165,1.3013,1.2586604903799998,1.28480203378,1.29183661345
1293,1.2091521587263945,1.2006557732303205,1.2409847672643837,1.2455,1.01479405108,1.17143439407,1.17905040672
1294,1.019228115695181,0.9822269602729379,1.0401934499575665,1.1439,0.7723994136319999,0.9584607039849999,0.967431522649
1295,0.7612593071772622,0.7736981922121526,0.7804651871010868,0.9532700000000001,0.513862040317,0.76039727609,0.768445229558
1296,0.6084443649679981,0.5402263695774183,0.6182034318027649,0.77403,0.401854263005,0.539056122131,0.545493576572
1297,0.39720403143903277,0.4418751479719634,0.42139135948399387,0.5732,0.358955905793,0.447027101205,0.45278310903700003
1298,0.46207382460677615,0.41474530149014444,0.4085660547161893,0.48968999999999996,0.357222412485,0.418613083789,0.423949879076
1299,0.47485215563378647,0.41455919292927995,0.4509497446182601,0.46371999999999997,0.374323553056,0.418613246298,0.42330466611
1300,0.5525171646067026,0.4422459145692818,0.5112283306128734,0.46313999999999994,0.519772649685,0.442889384859,0.447356878006
1301,0.5927641076581351,0.6427486926587501,0.5809192675545547,0.4848,0.812345951777,0.628756284317,0.63334056954
1302,0.8701930918646102,1.0281887751723557,0.9663327715087632,0.65233,0.9695164462739999,0.990689104429,0.995648378175
1303,1.243163643396655,1.2052780357559993,1.07042829554415,0.97869,0.872375969649,1.1695469204100002,1.17542212967
1304,1.1809878214138487,1.0796904809465009,1.2620519547996054,1.1406,0.722627758072,1.05840891639,1.0650364586
1305,0.9425834001758052,0.8961463826298034,0.8923172662867517,1.0412,0.678648353292,0.886547584605,0.8945553271269999
1306,0.7430322319613321,0.8032606751911675,0.7123640985727577,0.8876299999999999,0.6834105281389999,0.805630438761,0.8137916405300001
1307,0.6884795876215537,0.7348786787657821,0.7405085099852893,0.81488,0.6976963478820001,0.7454406476600001,0.751843145148
1308,0.6176840168475988,0.6810825039960092,0.7176293608068862,0.75908,0.738272876388,0.6957925175390001,0.702363327144
1309,0.6240899946380893,0.6597597170130423,0.6953988771893923,0.7145100000000001,0.801433426378,0.6753303263689999,0.681282665001
1310,0.6634313296629029,0.649747835527728,0.717410534194516,0.69552,0.8555952183759999,0.669070610191,0.673352697664
1311,0.7119984035955351,0.6844974063473293,0.7254091604141112,0.6883699999999999,0.9504066568080001,0.7181061473260001,0.722563882389
1312,0.8087387068690352,0.8187460652607788,0.8528280711220504,0.7327,1.0824974623299999,0.887018620165,0.891972542913
1313,0.9909613283027323,1.0767666574994912,1.1033280196126618,0.8853,1.2792721748,1.18481546948,1.19218692996
1314,1.25788248646306,1.3248413746703591,1.2506687492277608,1.1557,1.3332549945299998,1.40468766636,1.4125822753600001
1315,1.420702204622102,1.3821596781255872,1.4876632597249178,1.3542,1.30440616448,1.3538175240099999,1.35952811256
1316,1.3291269579782927,1.3242619666000852,1.243679690942366,1.3065,1.1557350297,1.29183661345,1.29623051146
1317,1.21162521464941,1.2010686987955095,1.244036101626526,1.2494,0.9305839320029999,1.17905040672,1.18278263304
1318,1.0208687445231566,0.9823318355026973,1.043998462856718,1.1473,0.6872135970379999,0.967431522649,0.971881436528
1319,0.7613557383141104,0.773963107548588,0.7861451254682099,0.9572799999999999,0.46619000221199997,0.768445229558,0.772293279567
1320,0.6071271988953666,0.5408351340088404,0.6226649337612167,0.7775,0.383051133135,0.545493576572,0.549916395766
1321,0.4102825835826647,0.4490714018913457,0.4267069466505921,0.57719,0.35749951614200004,0.45278310903700003,0.455559543349
1322,0.46053503413133023,0.42247947876847114,0.411081407492797,0.49218999999999996,0.355574889894,0.423949879076,0.426605718952
1323,0.48085779802345224,0.42187231938228775,0.45337310059738906,0.46611,0.37052519998499994,0.42330466611,0.425331524372
1324,0.5508694010535711,0.4469091136660205,0.512393929538203,0.46496000000000004,0.507220309961,0.447356878006,0.450920250437
1325,0.6013141687606991,0.6470652880180987,0.5867558960802224,0.48801000000000005,0.7827589048929999,0.63334056954,0.6392065959969999
1326,0.8919644646654935,1.041596456371222,0.9737817983554065,0.65762,0.934841365778,0.995648378175,1.01098436098
1327,1.289145679991192,1.2297142230739646,1.0840470576910888,0.9925,0.837424217067,1.17542212967,1.17867392396
1328,1.2305242844461382,1.1203135221720157,1.262910338665988,1.1436,0.692654037676,1.0650364586,1.06230340016
1329,0.9976325865084512,0.9478094884939756,0.8853639136707763,1.0387,0.63133218203,0.8945553271269999,0.884422266038
1330,0.7884876108868529,0.8572277512398965,0.6955905866399943,0.8785,0.588059467086,0.8137916405300001,0.7976697234029999
1331,0.7221147223688191,0.7814583858561865,0.7155683899227698,0.8003600000000001,0.552592419873,0.751843145148,0.736555341247
1332,0.6440298360516181,0.7193030592828547,0.7047300419218918,0.74531,0.5387715990290001,0.702363327144,0.686516878306
1333,0.645541225060007,0.6915606155298252,0.6813773675574828,0.70023,0.536570333041,0.681282665001,0.665774303724
1334,0.6810065989902132,0.6768067668399166,0.7044600081186408,0.68155,0.615765078924,0.673352697664,0.65946559603
1335,0.7299047695584735,0.7085005981084093,0.7159230785913211,0.67587,0.705312280693,0.722563882389,0.7085007002120001
1336,0.8295774015998095,0.8418066356073992,0.8390387206490831,0.7200300000000001,0.824570514507,0.891972542913,0.8792421510439999
1337,1.0230243901339189,1.1026617057837254,1.0951021982823643,0.8738299999999999,1.01462667942,1.19218692996,1.1795288420999999
1338,1.296969985117501,1.357887639317738,1.236988447162491,1.1443,1.1616514693200002,1.4125822753600001,1.3906995045200001
1339,1.4764176989104492,1.4261396916488978,1.4668827904508344,1.3345,1.18884322384,1.35952811256,1.3502910215600001
1340,1.3844532622926058,1.3762123070570786,1.2448861990337565,1.2981,1.0763218859299999,1.29623051146,1.28866424492
1341,1.2610111740847596,1.2535674374691628,1.235749258432516,1.2426,0.8215216064830001,1.18278263304,1.17577247423
1342,1.0560932626393396,1.028291297782318,1.036388300905284,1.1409,0.651368347756,0.971881436528,0.963862429897
1343,0.7873811667385099,0.8118438428162394,0.775354383546657,0.95006,0.46179518826300003,0.772293279567,0.765276637842
1344,0.6151932806700144,0.5707748759158613,0.6138420996534237,0.77118,0.383484896035,0.549916395766,0.542093608512
1345,0.39051657235095283,0.4535459740522454,0.4167600744530221,0.57014,0.35785695400399997,0.455559543349,0.448490668958
1346,0.45606263743462505,0.42074261105318933,0.4030715357241682,0.48583000000000004,0.35588426900200004,0.426605718952,0.422343902196
1347,0.46561822418400606,0.4167748431154672,0.4507156625959855,0.46226999999999996,0.37077227265100005,0.425331524372,0.42317575652500006
1348,0.5455782753591467,0.4414388229818984,0.5132654825540448,0.46302,0.508026324419,0.450920250437,0.449596593525
1349,0.5915973166198456,0.6410766605820355,0.5858698202983642,0.48682,0.7844059544249999,0.6392065959969999,0.635735843748
1350,0.889220318112358,1.0362973369012156,0.9645469452098685,0.65449,0.9368441572799998,1.01098436098,1.0003426157
1351,1.2803668083999429,1.2140976754315176,1.0739966757122201,0.9829200000000001,0.839249966663,1.17867392396,1.1801224584999999
1352,1.234641069109529,1.1068015118234373,1.2668917204053756,1.1449,0.6932626614440001,1.06230340016,1.0684209187
1353,0.9939106961256432,0.9380325386893847,0.8949193201478278,1.0442,0.631445822076,0.884422266038,0.896766308445
1354,0.7858965548614177,0.8502767529789453,0.7134446580898948,0.8896200000000001,0.594902492182,0.7976697234029999,0.81587646813
1355,0.7170477149902467,0.7791661684972155,0.742224991617463,0.81676,0.613569399429,0.736555341247,0.754833275952
1356,0.6372986004574044,0.7189572435926002,0.7218173204676939,0.76177,0.646576261461,0.686516878306,0.703522307461
1357,0.638380831653008,0.6905931706308068,0.6943770663333442,0.71555,0.7038637564910001,0.665774303724,0.6758250046950001
1358,0.675745302306919,0.6757786004513555,0.7035113183576768,0.6906,0.762121240506,0.65946559603,0.666841991305
1359,0.7273465050843485,0.7076615084592345,0.7203146659373528,0.6825100000000001,0.878872373549,0.7085007002120001,0.714725968073
1360,0.8301067780342389,0.8421316214968735,0.8455936589663668,0.72564,1.07243958607,0.8792421510439999,0.887738657459
1361,1.0257717758746352,1.101302140922193,1.1084876200456393,0.88149,1.24848071682,1.1795288420999999,1.19060110098
1362,1.3007207467933424,1.3577322385280923,1.2459294083750971,1.1543,1.30076384216,1.3906995045200001,1.40036781042
1363,1.4795547990543862,1.4235960745339065,1.4783730605175753,1.3432,1.27256922677,1.3502910215600001,1.3598599975
1364,1.385643271683354,1.3710714717723926,1.2530761423503904,1.3068,1.13156513487,1.28866424492,1.29911651328
1365,1.259603613132772,1.2480432366064984,1.2481690932275344,1.252,0.905253185868,1.17577247423,1.1859885184999999
1366,1.05207620985171,1.024774294955217,1.0457534489893807,1.1501,0.6869400063359999,0.963862429897,0.9751293100920001
1367,0.781773117889967,0.8084308672871798,0.7869393775382372,0.96021,0.461254132928,0.765276637842,0.777590322566
1368,0.6092454914657054,0.5673691605071723,0.6265337249927019,0.78227,0.383048715362,0.542093608512,0.562335721503
1369,0.37391494736536096,0.45112847487838015,0.4398915619617658,0.58837,0.35745477653499996,0.448490668958,0.465100802562
1370,0.4551250178744804,0.41797448338919696,0.41893495191744784,0.50079,0.35564293710699996,0.422343902196,0.43607942654299997
1371,0.4601734676235627,0.414334312169066,0.4623874993736051,0.47465,0.37064863000500003,0.42317575652500006,0.43598934698799996
1372,0.5468880070743106,0.4392331486996881,0.5242432583246436,0.47456000000000004,0.508591656091,0.449596593525,0.463497007271
1373,0.5860242326617973,0.6384046764357153,0.6015649570973756,0.49933999999999995,0.786074267114,0.635735843748,0.664510894266
1374,0.8668647935009983,1.0236233917787416,1.0075342768575934,0.6804100000000001,0.9387554399320001,1.0003426157,1.0660595773200001
1375,1.2239853070804048,1.1764670398532724,1.1235191125185535,1.0421,0.841947761822,1.1801224584999999,1.24834902252
1376,1.1835204365473628,1.051445636682859,1.3478051243171756,1.2063,0.6959158656800001,1.0684209187,1.1244383890799998
1377,0.9351975449086068,0.877375512956587,0.9396905828755123,1.0947,0.633531515935,0.896766308445,0.937031870796
1378,0.7395534246377102,0.7945397852477796,0.7397550851780685,0.92589,0.589640608764,0.81587646813,0.8407726465109999
1379,0.6748441527472299,0.7317602423699727,0.7452885730099744,0.8391799999999999,0.588015331401,0.754833275952,0.771311369778
1380,0.6061552640168805,0.6805125022457705,0.7293662557810291,0.77661,0.631216044354,0.703522307461,0.716157446567
1381,0.6113904958299456,0.6581912342447429,0.7078442500060432,0.72693,0.696917823065,0.6758250046950001,0.6912006833840001
1382,0.6562911485219792,0.6479363490182146,0.7283786192059707,0.70445,0.7595783333249999,0.666841991305,0.682476995889
1383,0.709571619844676,0.6827147254683863,0.7420401982953143,0.6965899999999999,0.866212079711,0.714725968073,0.731988693418
1384,0.8127192156894244,0.8188506802489299,0.8696778700838392,0.74119,0.9755846514200001,0.887738657459,0.90899618866
1385,0.9980477657687706,1.0733702310506363,1.1387921352903285,0.9006299999999999,1.03548456065,1.19060110098,1.21526235411
1386,1.2659755796582015,1.3245485324088957,1.2706171865134652,1.1765,1.09826461753,1.40036781042,1.44008196619
1387,1.4258821517255171,1.3786524170791665,1.5202353286037382,1.379,1.10327805987,1.3598599975,1.40578088739
1388,1.330041711958458,1.3162745678419001,1.3034790833031562,1.3481,1.00349894174,1.29911651328,1.34115275611
1389,1.2074071850351538,1.1919141436203093,1.2829834542357903,1.2899,0.822803260163,1.1859885184999999,1.21838430355
1390,1.0122212755148337,0.9759703456078781,1.0700573133127882,1.1793,0.657526899226,0.9751293100920001,0.99689734941
1391,0.7508803317296776,0.768152255186716,0.804629761553179,0.9798100000000001,0.461622060967,0.777590322566,0.786087158093
1392,0.5975247151325506,0.536320086193186,0.630288033409004,0.78992,0.38317760153499997,0.562335721503,0.549550066143
1393,0.39179404911962656,0.44899437654331886,0.41989232694462497,0.57686,0.35749061445600006,0.465100802562,0.452265713704
1394,0.46531836902672075,0.4243929062612881,0.4037125075104359,0.48923,0.35566933426700004,0.43607942654299997,0.42381721758100005
1395,0.48499429653505927,0.42650888410908355,0.4477450260522755,0.4636,0.370927317037,0.43598934698799996,0.42473665946
1396,0.5645887739452022,0.4544130947895498,0.5120441240318699,0.46443,0.509332145489,0.463497007271,0.452622496103
1397,0.6078141206115422,0.6550962982445576,0.5920545742460205,0.48955,0.7879073135089999,0.664510894266,0.6542945279460001
1398,0.8855278484626755,1.0417542756507363,1.0004374052223142,0.6712100000000001,0.940788767044,1.0660595773200001,1.05641519435
1399,1.2518783140399288,1.2088572548256296,1.115225685601934,1.0334,0.842919803928,1.24834902252,1.2377268811700002
1400,1.2047516784920258,1.0854228359174183,1.3367020687296411,1.1967,0.696344630538,1.1244383890799998,1.11717526397
1401,0.9487691517630549,0.9050995480909547,0.9342193280410656,1.0882,0.661578182277,0.937031870796,0.9315784447650001
1402,0.7553108971665748,0.8172193465783084,0.7358920418261347,0.9209799999999999,0.674178110712,0.8407726465109999,0.841010280083
1403,0.6913053116106034,0.751745910105605,0.7526941068678128,0.83939,0.664968156032,0.771311369778,0.772156600531
1404,0.6220139851221782,0.6973283161812973,0.7309526264737186,0.77737,0.7099825219920001,0.716157446567,0.717002833089
1405,0.6312531720389511,0.6741544130459179,0.7076147565576957,0.72769,0.7728258465710001,0.6912006833840001,0.691951923914
1406,0.6756593725989346,0.6633890346772262,0.7278899727886342,0.70513,0.8331542558399999,0.682476995889,0.683140122199
1407,0.7269618731706534,0.6970386805169673,0.7414219268349616,0.69719,0.944409461568,0.731988693418,0.732614968769
1408,0.8285067545613983,0.8320260410237839,0.8694016605528982,0.7417600000000001,1.1414909080600002,0.90899618866,0.909649311936
1409,1.0115051432108921,1.0872321236371039,1.137825137137758,0.90122,1.30912754152,1.21526235411,1.2112245771899999
1410,1.3012650471646003,1.3490415686051718,1.2656147050529578,1.1729,1.34356478635,1.44008196619,1.44135511508
1411,1.4222371481431193,1.3991585203405366,1.5210817252739484,1.3802,1.3098242525200001,1.40578088739,1.4070316860799998
1412,1.3475074226323493,1.335100524171996,1.3051556444738277,1.3492,1.16950982533,1.34115275611,1.3423159837
1413,1.213100855528238,1.2095740414666314,1.2838220357510302,1.291,0.96219147873,1.21838430355,1.21951201383
1414,1.0309931671672947,0.9928429211511685,1.0712273145631095,1.1803,0.756834830923,0.99689734941,0.998163076185
1415,0.7697945401772964,0.7875130513358589,0.8059960691105676,0.98095,0.51057975117,0.786087158093,0.787055112262
1416,0.6253774372530949,0.5592499683902407,0.6311672370890753,0.79079,0.39736795993600005,0.549550066143,0.543085241214
1417,0.3737180270878101,0.45112228026329415,0.4108507103993891,0.57103,0.358562440521,0.452265713704,0.45004176829099996
1418,0.47764784367990193,0.42313599610934266,0.4025400143606561,0.48722,0.35535598328100004,0.42381721758100005,0.42202091957599996
1419,0.4701828572577974,0.42095573790953383,0.4465028422255935,0.46198,0.370654819194,0.42473665946,0.422062593924
1420,0.5621473332362339,0.4468361367333869,0.5088040674481334,0.46202,0.509675675232,0.452622496103,0.447240269212
1421,0.5927408589194192,0.6458731780473459,0.5829054817790678,0.4847,0.7892535840360001,0.6542945279460001,0.636960401361
1422,0.8640453398442535,1.0268767151472447,0.9747443612285993,0.65559,0.942324998302,1.05641519435,1.0130071112999999
1423,1.2078617262313653,1.183036759971929,1.0854210049091326,0.9943200000000001,0.844475983574,1.2377268811700002,1.1892903083
1424,1.116261724431167,1.0268787297777902,1.2774788968548423,1.1531,0.725867678408,1.11717526397,1.07135263296
1425,0.8968434057484226,0.8413281027402711,0.8928795864610846,1.0469,0.7183693657439999,0.9315784447650001,0.8929411729250001
1426,0.7258564917870676,0.7700392620765598,0.7036223788649838,0.8861700000000001,0.7347742571100001,0.841010280083,0.805612823345
1427,0.6543951726372623,0.7092007325403276,0.7226494387368048,0.8075100000000001,0.7792067687369999,0.772156600531,0.742259320292
1428,0.5948029792573992,0.6577250446249383,0.7076357955999399,0.75044,0.830898514495,0.717002833089,0.690652807427
1429,0.6002533405177122,0.6355572220855559,0.6839830784938139,0.70396,0.889163731543,0.691951923914,0.669081659549
1430,0.6412781178978159,0.6223071760626461,0.7073580311323314,0.68453,0.9452375352079999,0.683140122199,0.6632271934430001
1431,0.6797198014778879,0.6504999374157605,0.7215145406180236,0.67925,1.0522177023000001,0.732614968769,0.712907050175
1432,0.7760508148746807,0.7794108328550398,0.8450304114436411,0.7240000000000001,1.2583366247,0.909649311936,0.885693455725
1433,0.9310334016415148,1.025801448445768,1.1036143028233176,0.87964,1.33640015994,1.2112245771899999,1.19149520235
1434,1.1765509843802784,1.2452597747880971,1.2477638019336044,1.1551,1.36068010553,1.44135511508,1.40155861373
1435,1.296439771479882,1.280478801491345,1.478932031840499,1.3443,1.33068085057,1.4070316860799998,1.3613027160799998
1436,1.255228157037613,1.2261581909096853,1.2551778874552377,1.3081,1.1751233951200002,1.3423159837,1.30005656797
1437,1.1696307810897195,1.131662533794438,1.2480688622403655,1.2529,0.943324382859,1.21951201383,1.18820056791
1438,0.9719305185772373,0.9270058344092537,1.0496580454434248,1.1521,0.726862255381,0.998163076185,0.9777551850630001
1439,0.7416032193896442,0.7317445715126678,0.7898456397794291,0.96257,0.4917711761,0.787055112262,0.779175345494
1440,0.5909661163468827,0.5017212323384281,0.627617008407721,0.7837,0.38603033484800003,0.543085241214,0.55549778086
1441,0.3985863460153575,0.43200692178144173,0.4297749998718174,0.58221,0.359565733234,0.45004176829099996,0.46197433744800004
1442,0.4599585343143393,0.41202502370863703,0.4163953089486252,0.49796999999999997,0.35773038943400004,0.42202091957599996,0.43249383074600006
1443,0.4731978451146454,0.41302999705425064,0.4584395193314675,0.47142,0.37555889882200005,0.422062593924,0.431955561822
1444,0.5447831016995885,0.43998800385071235,0.5195975815038018,0.47093,0.5247947136550001,0.447240269212,0.4562310974
1445,0.5829170862255576,0.6369753958030405,0.5899148289644465,0.4928,0.824209358067,0.636960401361,0.645190598484
1446,0.8459058934098769,1.0157234193974434,0.9806217272318283,0.66301,1.0009394292,1.0130071112999999,1.02358261765
1447,1.176468051108004,1.159121031809355,1.0951263995793492,1.0039,0.914266699197,1.1892903083,1.1984612591600001
1448,1.1080750083751847,1.0208082557751263,1.286518474401888,1.1614,0.824273540144,1.07135263296,1.0766160171899999
1449,0.883925216846834,0.8430648416182254,0.8957580487359044,1.0516,0.813333451644,0.8929411729250001,0.899645764917
1450,0.7266277959475789,0.7597562174850332,0.7117001232655887,0.8922100000000001,0.82875314343,0.805612823345,0.8147953354109999
1451,0.655300335764858,0.6987454042654451,0.7351277122024825,0.8157800000000001,0.8614398858040001,0.742259320292,0.751141773008
1452,0.600708052240659,0.6503331078365195,0.7162000646554221,0.75844,0.9168248675740001,0.690652807427,0.693453678954
1453,0.59896363548179,0.6277925356398601,0.6795813390019008,0.70648,0.9923970302069999,0.669081659549,0.672638662984
1454,0.6405613570330193,0.6144320334141348,0.7122880705360402,0.6877300000000001,1.0460910344,0.6632271934430001,0.666732904654
1455,0.6757047733157904,0.6467393233978261,0.7259845604738833,0.6824100000000001,1.14772438563,0.712907050175,0.71562803249
1456,0.765430489460679,0.7720555362125512,0.8471978035598562,0.72645,1.37888240111,0.885693455725,0.886213291104
1457,0.9178119519645463,1.015258943078173,1.1049213650529466,0.8801100000000001,1.4886730428100001,1.19149520235,1.186101067
1458,1.1607966320018275,1.2354259123677527,1.2446464275191493,1.1502,1.5149644406799998,1.40155861373,1.39738491618
1459,1.2910354320388984,1.2875698290065265,1.4736937708949602,1.3406,1.47020848476,1.3613027160799998,1.35667048154
1460,1.252168698570066,1.2394987563281612,1.2508114735544078,1.3039,1.30942521735,1.30005656797,1.29439598324
1461,1.1733222611118919,1.1281008877750875,1.2406614578306752,1.2478,1.07109580347,1.18820056791,1.17984171722
1462,0.9804004342945618,0.9256070086336221,1.0390681248331717,1.1446,0.8330959424850001,0.9777551850630001,0.9667128532089999
1463,0.7538627104502442,0.7326093275691272,0.7780322895083593,0.95262,0.5788912915810001,0.779175345494,0.7664476844120001
1464,0.601956611008494,0.5079893172545438,0.6147124984112827,0.77223,0.46286806440800005,0.55549778086,0.5416042082329999
1465,0.4075995574140311,0.4305073778352634,0.4160178249392953,0.5697,0.4163546847,0.46197433744800004,0.44850822838
1466,0.4683544624065588,0.41595660942846646,0.40333676280551145,0.48583999999999994,0.402313552189,0.43249383074600006,0.420093734163
1467,0.47524971573195796,0.420613900451003,0.4467911354307373,0.46025,0.40897115722599997,0.431955561822,0.419545186869
1468,0.5472054568321875,0.4493361760418042,0.5073827324246002,0.45975,0.5645594351259999,0.4562310974,0.443911051851
1469,0.5849183180981491,0.6452336471524396,0.5778429401223539,0.4817,0.894863506788,0.645190598484,0.633335761468
1470,0.8503912281167577,1.0182123453559158,0.9693596391517252,0.65233,1.06356247635,1.02358261765,1.00927164389
1471,1.1864869188310494,1.1668740262060056,1.080252037203294,0.9909600000000001,0.974809667791,1.1984612591600001,1.18099980597
1472,1.1262345143516344,1.0389489176111932,1.2681208328019746,1.1456,0.869594229467,1.0766160171899999,1.07486172052
1473,0.9025185505948004,0.8686284705507417,0.9039670948051741,1.05,0.876913493733,0.899645764917,0.9029423574429999
1474,0.745367406282469,0.7769316353006253,0.7193720147574643,0.89518,0.907617725624,0.8147953354109999,0.822465465629
1475,0.6696423981451469,0.7097777195689231,0.7494151683008491,0.8226899999999999,0.948881846938,0.751141773008,0.75683514424
1476,0.6093395555615373,0.6568201335425417,0.7180342101857566,0.76357,0.9950075864360001,0.693453678954,0.700457569989
1477,0.6062081060360707,0.6342573214546544,0.6858525087017107,0.7127899999999999,1.04795295788,0.672638662984,0.680062828808
1478,0.640896909369407,0.6197365246701936,0.718683687824414,0.69442,1.06987467115,0.666732904654,0.673208014753
1479,0.6772440919940106,0.6516871732914158,0.7289414165471828,0.68824,1.1578922102299998,0.71562803249,0.722468466278
1480,0.7658563814513536,0.7757406025831399,0.8535621670100059,0.7326199999999999,1.3593924063799998,0.886213291104,0.8959786356739999
1481,0.9214432293312915,1.0177083295880047,1.1136946766387872,0.8889100000000001,1.48866617963,1.186101067,1.20269839913
1482,1.1764350616857695,1.2458773916485164,1.2574662056184693,1.1652,1.52372591466,1.39738491618,1.41033124166
1483,1.2983044924446836,1.3063824427682074,1.488195407357273,1.3522,1.48080378766,1.35667048154,1.36845132416
1484,1.2676402506036422,1.2626469843550179,1.2604822156623787,1.3145,1.32627554045,1.29439598324,1.30793193952
1485,1.1893883141290067,1.1422436398524338,1.2577176599863509,1.26,1.0837647748600001,1.17984171722,1.19510051703
1486,0.995019391749046,0.9364797705056679,1.0550300236687535,1.1583,0.841964035033,0.9667128532089999,0.9831951664859999
1487,0.7657587030514564,0.7413648550385084,0.7944282742462728,0.96747,0.5826806580039999,0.7664476844120001,0.783537915043
1488,0.6097071904550804,0.5181889136499009,0.6314042717172839,0.78763,0.459032231272,0.5416042082329999,0.560923878756
1489,0.4247742937284647,0.4410861730855174,0.43552820072438864,0.5871,0.408886912282,0.44850822838,0.468206395951
1490,0.4643752541165936,0.4224096879160088,0.4230890516402927,0.50358,0.390868872978,0.420093734163,0.440820695781
1491,0.4810874453638141,0.42780531567200486,0.4684466586454456,0.47891999999999996,0.391323601892,0.419545186869,0.441427719731
1492,0.5448378213368426,0.4563973761909727,0.5309999868610691,0.47946000000000005,0.5314616774700001,0.443911051851,0.466531152538
1493,0.5940658757779231,0.6519866365958185,0.6010984766112194,0.50208,0.8463063061130001,0.633335761468,0.657426482636
1494,0.8765595152032513,1.0300021813213587,0.9926414989363713,0.67403,1.0081843830500001,1.00927164389,1.02807915763
1495,1.2458482596257139,1.2008945586370117,1.095762613500664,1.0079,0.9138711424429999,1.18099980597,1.21453750285
1496,1.1766834341319776,1.0872862766488203,1.3069710417288507,1.1759,0.800932661614,1.07486172052,1.09667312187
1497,0.9506276804215078,0.9219384527472927,0.9180650749553618,1.0697,0.764601848116,0.9029423574429999,0.9215515772949999
1498,0.7787966354374708,0.8210320492332044,0.735095458084515,0.91194,0.726335732814,0.822465465629,0.8348780083670001
1499,0.6897379603591669,0.740716051420012,0.7531515182008075,0.8338700000000001,0.683095445759,0.75683514424,0.767848414233
1500,0.6174168380347654,0.6776798306830059,0.7282821789605933,0.77349,0.664744103572,0.700457569989,0.7163037740889999
1501,0.6093057295507771,0.6479721503298179,0.7091912824502884,0.72706,0.668830794409,0.680062828808,0.690159989503
1502,0.6414314851933951,0.6304721962935486,0.7224425475624534,0.7035100000000001,0.718917274249,0.673208014753,0.681799196486
1503,0.677283995375462,0.6592420614955631,0.7381477611683602,0.69598,0.8409403072589999,0.722468466278,0.731510395933
1504,0.770419948031795,0.7806179024945894,0.8665072318515507,0.7407600000000001,0.9746789416339999,0.8959786356739999,0.905678253542
1505,0.9375771045764619,1.0258657530140842,1.1269885495805254,0.89765,1.2325719850399999,1.20269839913,1.2162885407600001
1506,1.1764019524455502,1.2460271178608007,1.2729236523830647,1.1774,1.30498560785,1.41033124166,1.42155594018
1507,1.3509019135552727,1.3302430228385003,1.4995641536729352,1.3623,1.28890155226,1.36845132416,1.37912514586
1508,1.3002104591078096,1.3044380051913809,1.2702917738763848,1.3241,1.16579636335,1.30793193952,1.3184085465000002
1509,1.2254557836551698,1.178182882242628,1.2681938594267141,1.2694,0.947686346983,1.19510051703,1.2061757412799998
1510,1.006622675071716,0.961555049847129,1.0669528139236237,1.1683,0.73270478609,0.9831951664859999,0.9948545888879999
1511,0.7667410338057581,0.7534885271997043,0.8066837524772235,0.9779700000000001,0.500440064238,0.783537915043,0.79522759527
1512,0.5859693886501532,0.5194621195337334,0.6433815817760232,0.7981600000000001,0.397266873363,0.560923878756,0.4892751778600001
1513,0.37289635270812027,0.41139899233805927,0.3361494200421974,0.52256,0.35778480199600005,0.468206395951,0.44117588651699996
1514,0.4260972343711694,0.3851767044537616,0.40904000705659976,0.47923999999999994,0.355826741802,0.440820695781,0.42477143901500003
1515,0.4342869314045436,0.38757788203898064,0.46570932388308556,0.46446000000000004,0.371653169096,0.441427719731,0.42209897064900004
1516,0.5117734452359614,0.41781763029376473,0.5131175610184834,0.46205,0.513120414392,0.466531152538,0.41301671051
1517,0.5622929466049749,0.6164880563919594,0.5013835336140462,0.45387,0.797221363307,0.657426482636,0.44849178358099995
1518,0.8519184973307239,0.9945480697428641,0.5828280909000412,0.48583000000000004,0.968063782903,1.02807915763,0.5312876089
1519,1.227181609609726,1.1601515435404388,0.6951868647682584,0.5604100000000001,0.8850842297579999,1.21453750285,0.637971519725
1520,1.1551076181354885,1.0482016246582788,0.7426982967143256,0.6565,0.793668387097,1.09667312187,0.553724232065
1521,0.9446572454333857,0.8983795881752884,0.40939557827351447,0.58062,0.808459215666,0.9215515772949999,0.44134006517200003
1522,0.7661513747689065,0.8062683028125993,0.3314461819012356,0.47938000000000003,0.8508270443960001,0.8348780083670001,0.423997954076
1523,0.6835320855109365,0.732648416214408,0.45325147887838724,0.46376000000000006,0.9085806002410001,0.767848414233,0.419363179163
1524,0.6080193804028952,0.6755986902511855,0.45919163634351784,0.45958999999999994,0.973967270826,0.7163037740889999,0.41371647096600006
1525,0.6010889261519285,0.6476011397381973,0.44295565037316814,0.4545,1.04177909081,0.690159989503,0.417518694217
1526,0.6341823360966546,0.6299366580381218,0.4597744108989778,0.45793,1.07641933734,0.681799196486,0.437780220643
1527,0.6743397678878025,0.6583445576930552,0.495101722166533,0.47618,1.14443087985,0.731510395933,0.483003046675
1528,0.771792509991351,0.7795159722415786,0.5581845768903374,0.5169100000000001,1.28858300516,0.905678253542,0.62141934565
1529,0.9427868317609189,1.018453483578714,0.7750872607137587,0.64159,1.4141422371899999,1.2162885407600001,0.8467160453929999
1530,1.1830246961967354,1.2486180188811944,0.8998105290642978,0.8445299999999999,1.4500272569200001,1.42155594018,0.9866786489799999
1531,1.357434864405482,1.3301016603735616,1.0400918810453124,0.9706100000000001,1.4157528986399999,1.37912514586,0.9348024361380001
1532,1.3040268214162574,1.3064619141673328,0.829328960648922,0.9238799999999999,1.26960063974,1.3184085465000002,0.916957456692
1533,1.225490057870592,1.178466975806745,0.9281963264423454,0.90781,1.04708879403,1.2061757412799998,0.856177977958
1534,1.002455097440356,0.9610246741864811,0.7485628700329858,0.85306,0.808562876781,0.9948545888879999,0.721605489085
1535,0.7597180631517724,0.751343004704476,0.5750513777762614,0.7318399999999999,0.565292991405,0.79522759527,0.606828832524
1536,0.577843845464777,0.5173595175600206,0.5012802300138556,0.62845,0.460576712183,0.4892751778600001,0.47694730458400003
1537,0.3543179891908722,0.4079131267495207,0.3836522079807297,0.51146,0.41900387992700006,0.44117588651699996,0.42782693737599997
1538,0.424265890613393,0.3805601632828435,0.4222156936757681,0.46721,0.35633621130000004,0.42477143901500003,0.409918290489
1539,0.42894763864878255,0.38361076326656884,0.4634838142946299,0.45108000000000004,0.37213306767300003,0.42209897064900004,0.408329774507
1540,0.5124931540292375,0.41365714843475543,0.4869430562768562,0.44965,0.5266964818909999,0.41301671051,0.39933206467200005
1541,0.5564240129165117,0.6101182435765266,0.45636317673825233,0.44154,0.8509881863680001,0.44849178358099995,0.437030473518
1542,0.8296494148662177,0.9784698214963364,0.5544841486344362,0.4755,0.953889166058,0.5312876089,0.53122354507
1543,1.1655332562585226,1.1119826833328275,0.6840320871234076,0.56035,0.873654356469,0.637971519725,0.638764786867
1544,1.107325230661644,0.9911063014644521,0.7079356052185148,0.65722,0.798658038042,0.553724232065,0.545406551897
1545,0.882217293767113,0.8393173214613927,0.39164319249526147,0.57312,0.821230397253,0.44134006517200003,0.432418281188
1546,0.7187761430632991,0.7523050653134815,0.31945257372604347,0.47135,0.851424598695,0.423997954076,0.416285505514
1547,0.6422114984228835,0.6877152117057996,0.44691157723753167,0.45682,0.901836562483,0.419363179163,0.41265064591
1548,0.5824563802580425,0.6415421051347479,0.4438803187677599,0.45353999999999994,0.973749067951,0.41371647096600006,0.408053265823
1549,0.5825401232595854,0.6228705651996344,0.43168493852811435,0.4494,1.02268481742,0.417518694217,0.41390153010499997
1550,0.6279643125479482,0.6129265866596522,0.45312635704131554,0.45466999999999996,1.04106948184,0.437780220643,0.434500969738
1551,0.6708308653308157,0.6461067314639805,0.48478717927929876,0.47322,1.10402454197,0.483003046675,0.479906629624
1552,0.772990691198977,0.7700963952267582,0.5501153466348104,0.51412,1.23258380426,0.62141934565,0.618458608682
1553,0.9334946326217896,1.0022929635338333,0.7638241611946569,0.63893,1.40760278371,0.8467160453929999,0.848129545389
1554,1.1901991434814632,1.2433253507717648,0.8987993778125142,0.8458100000000001,1.4576354080899998,0.9866786489799999,0.986174685161
1555,1.3102698965593984,1.309237130197731,1.0383788402755263,0.97015,1.4263044833,0.9348024361380001,0.9353319975390001
1556,1.274048901465285,1.276971376074827,0.8320226273858363,0.9243600000000001,1.28655974946,0.916957456692,0.916858295602
1557,1.1864793340757538,1.1480003572629813,0.9260402662289171,0.9077200000000001,1.05149450991,0.856177977958,0.855198590674
1558,0.9858377860128631,0.9377314398905341,0.747283102748606,0.8521799999999999,0.818003655347,0.721605489085,0.7209550634209999
1559,0.7496590011827633,0.73746573307581,0.5746467218012954,0.73125,0.57078391132,0.606828832524,0.6069790583160001
1560,0.5961358180307648,0.5162364084594278,0.502124880059166,0.62859,0.454122073869,0.47694730458400003,0.476680254398
1561,0.402885837988339,0.43748151249038614,0.3829103158977848,0.51122,0.40493099758400003,0.42782693737599997,0.42579955436899997
1562,0.46654349784275856,0.41842074819354114,0.418213699620026,0.46538999999999997,0.38860007951,0.409918290489,0.40755330188600003
1563,0.4806661303809489,0.42434578440487586,0.4604020915541963,0.44895,0.390668811069,0.408329774507,0.40201183242399996
1564,0.5582368438433657,0.4559144196368462,0.4758084148692413,0.44396,0.5342721871580001,0.39933206467200005,0.391900447814
1565,0.6022318972443175,0.6520824682882065,0.44970516326301885,0.43485,0.842035298502,0.437030473518,0.428256036514
1566,0.8710292787399508,1.0195205043014006,0.5454816291616438,0.4676,0.955899032937,0.53122354507,0.51034712551
1567,1.2190288898397983,1.1678705306039558,0.6493326566508666,0.5415399999999999,0.932642477045,0.638764786867,0.617958574132
1568,1.1502603614704152,1.050452701182927,0.7098551766282281,0.63848,0.873275192805,0.545406551897,0.543296071125
1569,0.9171434803231628,0.8943444641918247,0.39998141088210815,0.57122,0.890753368855,0.432418281188,0.433293302453
1570,0.7563355449123181,0.8042861930234846,0.32304216993652285,0.47213999999999995,0.928191025469,0.416285505514,0.42110738202500003
1571,0.6778093096836895,0.7348070601838579,0.45833653975733507,0.46116,0.962746657899,0.41265064591,0.426825734821
1572,0.6204924345174274,0.6830405596496774,0.46646778337159656,0.46631000000000006,1.0004763673000001,0.408053265823,0.427546847642
1573,0.6202530826236436,0.6608734258631742,0.4492006780912511,0.46696000000000004,1.0254827524099999,0.41390153010499997,0.433730016083
1574,0.6588329384510012,0.6441565166799222,0.46660398401954334,0.47253,1.04563786368,0.434500969738,0.453030413179
1575,0.702179828295358,0.6736640851000147,0.4968513498784623,0.48991,1.1167373998,0.479906629624,0.496759881852
1576,0.798949634232671,0.7936143127189972,0.5615740927519862,0.5293,1.32644282207,0.618458608682,0.633460854937
1577,0.9548546128151758,1.0259956922916218,0.7733495404892111,0.6524399999999999,1.43596651454,0.848129545389,0.8642702675030001
1578,1.2180550214110928,1.2622152899435615,0.9138093113399779,0.86035,1.4698855687399999,0.986174685161,0.9986082423870001
1579,1.3220161069100955,1.3353774253469406,1.0491720504629756,0.98135,1.4370548920299997,0.9353319975390001,0.945763494121
1580,1.2898205724775162,1.3066051156970733,0.8413780097345883,0.93375,1.30588869077,0.916858295602,0.928749161412
1581,1.1984125179390896,1.1765104217626945,0.9403847651768796,0.91843,1.08032742595,0.855198590674,0.867736480356
1582,1.0068162305479063,0.9642523856453218,0.7593205686884531,0.8634700000000001,0.855161490389,0.7209550634209999,0.7345488741670001
1583,0.7695058586213552,0.7630041930160243,0.5892080782212715,0.7435,0.610624178512,0.6069790583160001,0.620555914781
1584,0.6231345266754201,0.5414803252846161,0.5154926104704846,0.64082,0.497143179596,0.476680254398,0.49227844305699997
1585,0.4259747052448537,0.45639116565051147,0.39955706911057776,0.52527,0.452535494943,0.42579955436899997,0.44353155753999995
1586,0.48980840067589276,0.4352414868829001,0.43833248778454625,0.48136,0.439071146876,0.40755330188600003,0.42603657634099995
1587,0.5012901243199634,0.44071948612004147,0.47981473104118866,0.4656,0.44519902054399996,0.40201183242399996,0.42270941748
1588,0.5770303967897763,0.4727748503358026,0.498185482412925,0.4626,0.596786551669,0.391900447814,0.41373493183399995
1589,0.6161320342146397,0.6682826006457632,0.4706056130111863,0.45452,0.8033464339030001,0.428256036514,0.45025861211400003
1590,0.8805520678397114,1.0352220599698836,0.5658172162748288,0.48741999999999996,0.965119850163,0.51034712551,0.546016825537
1591,1.209871103128867,1.175073009767933,0.7026600477619416,0.57367,0.859343205993,0.617958574132,0.653677663139
1592,1.148753320126209,1.0515645835187186,0.7192799130578915,0.67065,0.710795362934,0.543296071125,0.557343940497
1593,0.9251448126457182,0.9037454419521069,0.4021893339267777,0.5838800000000001,0.646561235406,0.433293302453,0.44320408511500003
1594,0.7581729633479477,0.8140158546153653,0.3290930282574799,0.48106000000000004,0.601158549343,0.42110738202500003,0.427837990165
1595,0.6888100046640102,0.7436536959005445,0.45962330329146833,0.46721999999999997,0.564074534799,0.426825734821,0.42280543720299996
1596,0.624113309984181,0.687691073512846,0.45207813965630106,0.46269,0.54939140588,0.427546847642,0.41697630665299995
1597,0.6255267911465352,0.6603950393433338,0.4402606799015369,0.45743999999999996,0.540979763378,0.433730016083,0.420116725437
1598,0.660241173516026,0.6426597702429996,0.45656791911245354,0.46026999999999996,0.5643276032010001,0.453030413179,0.44062696432
1599,0.7008405814237981,0.6707605536307468,0.4942561632828992,0.47873999999999994,0.660073614021,0.496759881852,0.48607985803900006
1600,0.7935557654283135,0.7877791709627076,0.5568629264820985,0.51968,0.8401465265070001,0.633460854937,0.623605678049
1601,0.9477303891142751,1.0232756417951225,0.770586077262927,0.64356,1.03225716214,0.8642702675030001,0.8540836230069999
1602,1.2140064338323944,1.2518458336119491,0.9063645644111143,0.8511700000000001,1.11305167804,0.9986082423870001,0.990444202803
1603,1.3108051066569482,1.3295318653990487,1.0416288101858813,0.9740000000000001,1.11654686778,0.945763494121,0.9381388338330001
1604,1.2868856237316488,1.3077215693866444,0.8336031769123831,0.92689,1.0147659172299999,0.928749161412,0.919107669147
1605,1.1965812850698139,1.1822386449402575,0.9280310180313333,0.90974,0.832211216916,0.867736480356,0.8578776167659999
1606,1.0039883507197398,0.9658749084039329,0.7508686949409109,0.85459,0.658457715096,0.7345488741670001,0.723633689549
1607,0.7715638223311654,0.763473676772943,0.5774467248771561,0.7336699999999999,0.465745195687,0.620555914781,0.609361510041
1608,0.619123189393455,0.5377990494957194,0.5044298293892159,0.63073,0.388719256684,0.49227844305699997,0.561023349218
1609,0.42505826011993353,0.4481415715758929,0.5473892918696055,0.58719,0.362133965863,0.44353155753999995,0.466016793737
1610,0.48545031010185874,0.42664903027026635,0.42218786852238993,0.50161,0.360715452362,0.42603657634099995,0.436605216454
1611,0.4962048742746847,0.43263161681869144,0.4662983717287033,0.47512,0.379737255353,0.42270941748,0.436267225057
1612,0.5694985397746423,0.46504391964982006,0.5140843373921946,0.47481,0.533732124014,0.41373493183399995,0.46149680493999995
1613,0.6084150746237114,0.6607590903673075,0.5642321744255482,0.49754,0.842071759905,0.45025861211400003,0.653271982763
1614,0.8719337256693527,1.025523946169333,0.94414524271317,0.6702899999999999,1.00329747981,0.546016825537,1.0265587543899999
1615,1.2161965965632697,1.176201091643112,1.0577383580923683,1.0065,0.9041151108329999,0.653677663139,1.2022773239700002
1616,1.1278485140217924,1.0478919407695797,1.3028083756014612,1.1648,0.750285918848,0.557343940497,1.08483243246
1617,0.9203147060370473,0.8933281963760455,0.9056639137487079,1.0590000000000002,0.679472228185,0.44320408511500003,0.904315715908
1618,0.7493382265224253,0.8062322594922117,0.7121497102166755,0.8964200000000001,0.628042624463,0.427837990165,0.813159290911
1619,0.68374471678765,0.7345249463219131,0.7244933089594711,0.8143100000000001,0.587004939669,0.42280543720299996,0.748010750456
1620,0.6207499182802061,0.6795991617027093,0.7096043613462412,0.75562,0.569016771773,0.41697630665299995,0.696139628434
1621,0.6200150000084443,0.652085835348768,0.6879187104908286,0.7089,0.558729936843,0.420116725437,0.6741846214499999
1622,0.6579270747157461,0.6364122327601897,0.7111826809202294,0.68912,0.582072008271,0.44062696432,0.666874748812
1623,0.6947810794105309,0.6658644425466762,0.7224550321426022,0.6825399999999999,0.682260062535,0.48607985803900006,0.7160811472959999
1624,0.7846018721341503,0.7809703652925924,0.8478338920188377,0.7268600000000001,0.8678624062829999,0.623605678049,0.8881228335079999
1625,0.9377434088970141,1.018311544793639,1.1054113653936717,0.8818299999999999,1.0693149695200002,0.8540836230069999,1.19014214214
1626,1.1931289539690464,1.2328681893793252,1.2468666097394538,1.1539,1.15473807292,0.990444202803,1.40470708416
1627,1.305500399759914,1.3157340124796622,1.4816357193327736,1.3472,1.15600105797,0.9381388338330001,1.36454616819
1628,1.2746347047466404,1.2997782824197028,1.2589728454898796,1.311,1.0475804627299998,0.919107669147,1.3026870080500002
1629,1.1893966975673111,1.1754392798200826,1.2495339136186558,1.2553,0.8584385772550001,0.8578776167659999,1.19093743818
1630,0.9972917394330252,0.9604296391411379,1.052896352482675,1.1546,0.675195554294,0.723633689549,0.977899000922
1631,0.7647341083571234,0.7559402374976887,0.788781461578678,0.9627,0.472033130299,0.609361510041,0.779203185371
1632,0.6139613072349039,0.5308689011498149,0.6275391208589177,0.78372,0.389174405751,0.561023349218,0.557775727356
1633,0.4182477479179933,0.43942311956334185,0.4329410451005756,0.58427,0.36255578266599997,0.466016793737,0.46398132106600004
1634,0.47452028053857587,0.41557513296902704,0.41859459305529717,0.49978,0.361164980356,0.436605216454,0.43605146938600003
1635,0.4870500394522786,0.4216733231343762,0.4632165398530726,0.47462,0.380347965815,0.436267225057,0.439241535341
1636,0.5544582684610999,0.45265538023510105,0.5313986051521676,0.47748999999999997,0.535034813146,0.46149680493999995,0.464606881147
1637,0.5962363022162815,0.6471165755814001,0.5994542198827435,0.50034,0.8446446884450001,0.653271982763,0.657609855488
1638,0.8567271941649459,1.0117078234681964,0.9935503854939829,0.67419,1.00611101873,1.0265587543899999,1.04647706238
1639,1.2060641913636585,1.1572526755894543,1.1118847528762321,1.0245,0.906790191235,1.2022773239700002,1.21240038127
1640,1.119765213674241,1.0375897752269083,1.301154512578978,1.1739,0.7526469005490001,1.08483243246,1.0929348864700001
1641,0.903057186822202,0.8803699074027391,0.9125140799624201,1.0663,0.681500252525,0.904315715908,0.909626985903
1642,0.7356884153158353,0.7904095608782202,0.7160127007820041,0.9012,0.6297777125940001,0.813159290911,0.8189211991869999
1643,0.665701522767473,0.7174103589443785,0.7309599347756106,0.8195,0.588511697706,0.748010750456,0.751932358541
1644,0.6007280882955852,0.6589242929356575,0.7132345553028734,0.7591600000000001,0.570386804278,0.696139628434,0.69708036658
1645,0.6011891044039115,0.631856043194049,0.6881812444610672,0.70975,0.560004475517,0.6741846214499999,0.6761572543109999
1646,0.6320116902432034,0.6132989583439346,0.7172641749764849,0.6909,0.583386621204,0.666874748812,0.671056831221
1647,0.6714901245156546,0.6411724323170737,0.7327783053244259,0.6863100000000001,0.683786868196,0.7160811472959999,0.724225898582
1648,0.762062963228708,0.7571947272726389,0.8632472000589975,0.7342,0.869818421157,0.8881228335079999,0.8989354656280001
1649,0.9173067663553892,0.9953485060928499,1.1149711973818404,0.8915700000000001,1.07158404645,1.19014214214,1.20531394032
1650,1.1700532877926482,1.2081848150687013,1.2630634865461712,1.1675,1.1570232856799998,1.40470708416,1.41839055692
1651,1.291901344589087,1.2919849413909372,1.4950244652493572,1.3595,1.1580918148200001,1.36454616819,1.38046099569
1652,1.2593874644858523,1.2807038107469348,1.2770509050265721,1.3253,1.0494159757200001,1.3026870080500002,1.3169573497
1653,1.1798018042728537,1.1620357324032988,1.2605748646098456,1.2681,0.859849341253,1.19093743818,1.20330541484
1654,0.9859792564571731,0.9495433490320309,1.0640794251143522,1.1657,0.676238412662,0.977899000922,0.989875753032
1655,0.7556811998787214,0.7465132294533232,0.8010042279014944,0.97349,0.472641487852,0.779203185371,0.789626300208
1656,0.6021607136017422,0.5215432938903439,0.6377365751769675,0.79311,0.387454652094,0.557775727356,0.563747001266
1657,0.4179952372116359,0.432875034692132,0.43762435403007377,0.5896399999999999,0.36169751577299997,0.46398132106600004,0.469927431535
1658,0.4633610189012935,0.4094435228719022,0.4241834426345948,0.5051399999999999,0.359880603952,0.43605146938600003,0.441013172879
1659,0.4813570484496482,0.413595810895016,0.46704824072883594,0.47908999999999996,0.37681109464100004,0.439241535341,0.44081690852600003
1660,0.5492001568386384,0.44639519809170575,0.5287076438262114,0.47891000000000006,0.521989982234,0.464606881147,0.467381629822
1661,0.5987699868730896,0.6433752659112335,0.6043159673943549,0.50284,0.813050310219,0.657609855488,0.6611441176380001
1662,0.8775894425521518,1.0197614377644715,0.999122881452041,0.67738,0.96889246065,1.04647706238,1.04909063874
1663,1.2529410583736655,1.1812706925573546,1.115253858236102,1.0268,0.8694194124500001,1.21240038127,1.21752256255
1664,1.1650342309459452,1.0746754789775759,1.306952423686944,1.1785,0.719751440166,1.0929348864700001,1.0991297791799999
1665,0.9551914105905048,0.9281813459655297,0.9193339288836219,1.0719,0.654287854567,0.909626985903,0.917911374979
1666,0.7769203276980965,0.8393060916803705,0.7261218893362191,0.9086700000000001,0.607944612576,0.8189211991869999,0.826535581523
1667,0.7006564026662603,0.7617127244229551,0.7381266289984735,0.82636,0.5701132628769999,0.751932358541,0.7581319938259999
1668,0.6215928748706646,0.695518787509962,0.7176873941961623,0.76474,0.554896812122,0.69708036658,0.7026665096529999
1669,0.620938436167681,0.6609493688792847,0.6930133344098823,0.71478,0.546082709182,0.6761572543109999,0.677660131017
1670,0.6434186389510841,0.6373009853110978,0.713677091209329,0.69225,0.569426642081,0.671056831221,0.670524728299
1671,0.6847605387569297,0.6614616327569759,0.7311017495940635,0.68583,0.665609623563,0.724225898582,0.720995580973
1672,0.7758076929053906,0.7749855613090613,0.858379848126495,0.73129,0.846464946093,0.8989354656280001,0.894942647934
1673,0.9433180336649809,1.0150064588053902,1.1180596486908618,0.8879799999999999,1.0395058316399999,1.20531394032,1.2029080032
1674,1.19266912671987,1.2306239681060243,1.2613522065592742,1.1654,1.12053239891,1.41839055692,1.4138235831200001
1675,1.3430223076764816,1.3232252742062283,1.491552969637353,1.3554,1.1235480638,1.38046099569,1.37202246458
1676,1.3064158814602567,1.322843726023554,1.264086285285041,1.3177,1.0212800326,1.3169573497,1.31045108638
1677,1.2279956387648914,1.20950588937759,1.2585938399101342,1.2623,0.83769769663,1.20330541484,1.19729579752
1678,1.0141169931050793,0.9925414762205231,1.057653278997454,1.1603,0.662879588613,0.989875753032,0.983436672705
1679,0.7816286223489664,0.78311141600486,0.7943059290774422,0.9676899999999999,0.468906058648,0.789626300208,0.781921326584
1680,0.6044887229068833,0.5490722927751911,0.6294344511889921,0.78617,0.38821880293300004,0.563747001266,0.556724156028
1681,0.4013129136808178,0.4373787365774664,0.4307374989469148,0.58332,0.361845744991,0.469927431535,0.461614431965
1682,0.4567944971838312,0.4073879792256594,0.41526332544549954,0.49765,0.36006247839100003,0.441013172879,0.432370516918
1683,0.468674415976704,0.4084640847219561,0.4578455321548086,0.4713,0.376960064614,0.44081690852600003,0.432142018896
1684,0.5425668583286404,0.43931399723115316,0.5196784275918948,0.4711,0.522813530811,0.467381629822,0.459405426802
1685,0.5927701885738683,0.6368638428606819,0.597395792725498,0.49566000000000004,0.8151659804449999,0.6611441176380001,0.654140235305
1686,0.8751967500679234,1.014511591488222,0.9927175467617715,0.6710699999999999,0.971608427208,1.04909063874,1.04119157369
1687,1.236092245194505,1.160334609328155,1.106424703315755,1.0197,0.871667782183,1.21752256255,1.21090468779
1688,1.1634541906849993,1.0531165378261795,1.3011915873173754,1.1726,0.721463728733,1.0991297791799999,1.09002671276
1689,0.9415941817451537,0.9096021326878402,0.9086483511215431,1.0637,0.655564589885,0.917911374979,0.905471709394
1690,0.7636916246243761,0.8224771096298873,0.7107485671409282,0.89746,0.608796874212,0.826535581523,0.815013906303
1691,0.6790482748006661,0.7447279694984074,0.7270915561049405,0.81598,0.570591041583,0.7581319938259999,0.750297420168
1692,0.606304170962099,0.6833691863379974,0.7142672549531708,0.75768,0.5550947026199999,0.7026665096529999,0.698020914173
1693,0.5980803064705764,0.6472618463948256,0.6918942958479355,0.7105899999999999,0.5460649675729999,0.677660131017,0.675834231629
1694,0.6331837160048662,0.6264945235626433,0.7146935013330048,0.6906100000000001,0.569378375395,0.670524728299,0.668367561159
1695,0.6736680262568555,0.6529610627123972,0.7262649627654412,0.68388,0.665548348497,0.720995580973,0.717501926365
1696,0.7699807976678428,0.7676889542176937,0.8511995317430857,0.72814,0.846837680375,0.894942647934,0.889805121268
1697,0.9386030923821139,1.0036943186132756,1.1111731947830492,0.88335,1.04016851107,1.2029080032,1.18834952767
1698,1.178666796452358,1.2194101218657878,1.2460774393634464,1.1523,1.12101620064,1.4138235831200001,1.4075517773100001
1699,1.346173973405869,1.3104948835050365,1.4847491091873812,1.3497,1.12389329484,1.37202246458,1.3673046202399999
1700,1.2953720314716806,1.3082056811634957,1.261509013777921,1.3135,1.02143215732,1.31045108638,1.30406731814
1701,1.216307077277309,1.1924209132573498,1.2489124123001474,1.2565,0.837595462195,1.19729579752,1.18844777262
1702,0.9965765446638268,0.9792741828748894,1.0470508658245068,1.1524,0.6625989876389999,0.983436672705,0.9734724177959999
1703,0.7604480888419473,0.7676388248635009,0.7842414659937216,0.9587100000000001,0.468206343046,0.781921326584,0.7720619414390001
1704,0.585587115716221,0.5344046317694995,0.6201215883410741,0.7772899999999999,0.387790478998,0.556724156028,0.554855822966
1705,0.36900055256763764,0.4214718681555295,0.4323275588876978,0.5816399999999999,0.36166428373099996,0.461614431965,0.455682423404
1706,0.4422954011536439,0.3898180412965132,0.4087807774109966,0.4923,0.36000391215599997,0.432370516918,0.426123455759
1707,0.44727682700990695,0.38901418041181623,0.45135548422029503,0.46568000000000004,0.377171248925,0.432142018896,0.42632909580300005
1708,0.5325648781888312,0.4204770759522048,0.5141121940631094,0.46586000000000005,0.5237543224360001,0.459405426802,0.45549838742700005
1709,0.5729102977936977,0.6165917157374785,0.5962952110181157,0.49213999999999997,0.817512693895,0.654140235305,0.663100241457
1710,0.8410500764416675,0.9826192966217241,1.0114238982623727,0.67914,0.973972719028,1.04119157369,1.06685184307
1711,1.1776926775444494,1.1110010180711767,1.1180790936538887,1.0428,0.873914229572,1.21090468779,1.25854693628
1712,1.1015968645741325,0.9872003476624945,1.3635961062320932,1.2155,0.72376555603,1.09002671276,1.14280819009
1713,0.8773009664024392,0.839383093600415,0.9616186240993376,1.1112,0.6576692805600001,0.905471709394,0.95500891171
1714,0.7158765669081563,0.7612911604021066,0.7572440566229086,0.9420799999999999,0.610693262706,0.815013906303,0.8582571394159999
1715,0.6359445463492237,0.6964445723694177,0.7621059584613264,0.85493,0.572374324803,0.750297420168,0.784701691711
1716,0.5715557786823031,0.6432017500386039,0.7374835271479954,0.78867,0.556856338164,0.698020914173,0.7275467013570001
1717,0.5726041378539366,0.6162395905879134,0.716432892411218,0.73719,0.547872973785,0.675834231629,0.701168045268
1718,0.6135355319803377,0.6002584526783076,0.7367224712604188,0.71343,0.571284255873,0.668367561159,0.691387346208
1719,0.6571582864731973,0.6290068000595797,0.7505342177652397,0.70462,0.667767827494,0.717501926365,0.740810464591
1720,0.7527442837244507,0.7452717552542892,0.879781976368357,0.7491399999999999,0.849405437307,0.889805121268,0.919293562493
1721,0.9115275083387688,0.9724564613162272,1.1521912234358904,0.90991,1.04296791748,1.18834952767,1.22048970411
1722,1.1410071465813705,1.188931367542453,1.2747140390266694,1.1812,1.12409290126,1.4075517773100001,1.45636682591
1723,1.2949349562212158,1.26464351559001,1.5368672257905491,1.3937,1.1264540577,1.3673046202399999,1.4224168307700003
1724,1.2391806385738988,1.2514265504334476,1.3203432023038661,1.3631,1.02349034768,1.30406731814,1.35635318631
1725,1.1649050502180338,1.1358482925145386,1.2959525699917553,1.3036,0.839399278261,1.18844777262,1.2315566842899999
1726,0.95572615358204,0.9317892248980418,1.0819733541481102,1.1912,0.6639733896450001,0.9734724177959999,1.00605880029
1727,0.724776072938728,0.7283917596891981,0.8125518028894172,0.9880700000000001,0.46919739548600004,0.7720619414390001,0.788685050933
1728,0.5644908142568119,0.5006010489773517,0.6306595022806119,0.7922600000000001,0.38863754375500004,0.554855822966,0.5453613498709999
1729,0.3721346202449085,0.4109582510264206,0.41338101899391233,0.57308,0.362402135619,0.455682423404,0.446778294705
1730,0.43197881584248377,0.3806731901910628,0.396820869938509,0.48428000000000004,0.360747853894,0.426123455759,0.41841473440800003
1731,0.4491082947488878,0.3804390762696836,0.4411253966436785,0.45873,0.378049767109,0.42632909580300005,0.420526126832
1732,0.5208139572854371,0.4079011285926717,0.5080266254638884,0.46063999999999994,0.525273151937,0.45549838742700005,0.450725813681
1733,0.5632862928775115,0.5999967523467501,0.5935918208045994,0.48783999999999994,0.820437380634,0.663100241457,0.660426504421
1734,0.8248197445144929,0.964332662198469,1.0118179565971541,0.67673,0.9768614844299999,1.06685184307,1.07389759662
1735,1.1516893813327875,1.0935554739026903,1.1248855981490449,1.0492,0.8766729271160001,1.25854693628,1.2610849148
1736,1.0880526755195572,0.9724522012953983,1.3665702977134542,1.2178,0.725911475214,1.14280819009,1.13961079365
1737,0.8632750681893112,0.8296964723411465,0.9546461996466571,1.1084,0.659349220617,0.95500891171,0.9504740828749999
1738,0.7056449367158399,0.7511211232552244,0.75170721590464,0.938,0.6120014053149999,0.8582571394159999,0.856771773092
1739,0.6313679345614683,0.6879799488204619,0.7639741077255489,0.85359,0.573302177226,0.784701691711,0.785156824243
1740,0.5756474600590096,0.6400769177035589,0.7405792836473606,0.78908,0.557500381654,0.7275467013570001,0.727932995338
1741,0.5757646914727759,0.6156979192677488,0.7168651335752818,0.73754,0.548109069024,0.701168045268,0.701416548608
1742,0.6191082899500069,0.5996758924453944,0.7365907634071638,0.71365,0.571464955172,0.691387346208,0.691653213408
1743,0.6597887002209766,0.6276205129360474,0.7506235038625627,0.70486,0.6679778913600001,0.740810464591,0.741139147129
1744,0.7534079007483758,0.7428318937605285,0.8800755289896556,0.74943,0.849893057283,0.919293562493,0.919781247465
1745,0.9083916127725624,0.9669135931690066,1.152425709853475,0.91035,1.0437727406100001,1.22048970411,1.22152716219
1746,1.1352229484119047,1.1884636529085753,1.275550888631399,1.1822,1.1246327449299998,1.45636682591,1.4576575787700001
1747,1.2877533615141252,1.2637288974837675,1.5381882180916078,1.3949,1.12713382598,1.4224168307700003,1.4236810534200002
1748,1.2324220988918504,1.2499259811493382,1.321570664878617,1.3642,1.02419545377,1.35635318631,1.35745366902
1749,1.160209188803445,1.1344217438565802,1.296823316786436,1.3046,0.8397099517929999,1.2315566842899999,1.23251987047
1750,0.9538337863751187,0.9296332139234749,1.0828697736915955,1.1921,0.663963253172,1.00605880029,1.00684487046
1751,0.7259965515185511,0.7284266747522329,0.8133122795702195,0.98877,0.468805661551,0.788685050933,0.789289335507
