Time,Arima,Holt,LSTM,tesla,Persistence prev 20%,Persistence prev day,Actual
0,3.3680683639027915,6.219586033465877,4.0872248335779195,3.6505,0.291291464511,0.311608440779,4.134227006230001
1,6.28965599899089,6.506790150590206,4.5378499659088005,4.1248,0.274778898085,0.467931035013,4.60600729818
2,7.327904552659203,6.9003091703938,4.996096416673274,4.5911,0.278928441007,1.0288054255799999,4.99883847922
3,7.227043767167996,7.0382951872662805,5.348478336227534,4.9793,0.325771807885,1.69370003398,5.42373303949
4,7.587053097751799,7.4817373417418995,5.778608454822558,5.3992,0.536850873133,2.4080554797900002,5.8986207770700005
5,7.832891592743195,7.9689201838026555,6.279161410772515,5.8685,0.9297093225669999,3.31426115897,6.613732397969999
6,8.48059844444548,8.64945284775515,7.058373615182127,6.5752,1.03710296765,3.52926122681,6.20251811502
7,8.824631379539792,8.498022469393243,5.727016115435216,6.1688,1.0033840241,3.4844076472500003,6.15647682087
8,9.357573467718069,8.747711658166049,6.010962171834329,6.1233,0.912840377335,3.85169149916,5.379675928539999
9,8.766463094712975,8.162161268971216,4.64648491684323,5.3556,0.810914437169,3.6417746558099995,4.84045917926
10,6.595246867261269,7.817674051175892,4.344408326481277,4.8227,0.720333844424,2.19421721092,3.04483177111
11,5.814028489357567,5.295325053037938,1.869359177998721,3.0482,0.649493551426,1.6510819701100001,1.93431381745
12,3.063613741566691,3.592716317931111,1.0361799904605817,1.9508,0.608986698922,1.03677147079,1.13239622303
13,1.7697154696334405,2.4457094306171765,0.5325926164020567,1.1583,0.568917973683,0.667838075441,0.628734787116
14,1.153056336535636,1.6101699533647176,0.39524945515591947,0.6605800000000001,0.57610385973,0.634957129601,0.636480350151
15,0.6564945039615493,1.311881149130046,0.7964607121584986,0.66824,0.6304579248250001,0.715916417625,0.698104570864
16,0.9649811893422662,1.4323457990156885,0.9525354158970594,0.72914,0.744581802431,1.20666439892,0.8256670718269999
17,1.5470296370090069,2.469832684305588,1.078184945790572,0.8552,0.848180669903,1.14116632349,0.9412447923080001
18,3.2082049141174886,2.1968065671150265,1.1456422890772238,0.9694200000000001,0.866593934449,1.36865130165,0.9614729120100001
19,2.8762188312353283,2.898591201135477,1.062977963444273,0.98941,0.808347362393,1.5191212285,1.19870013422
20,3.8044774511408743,3.823356364383526,1.4206690395196908,1.2238,0.73506673755,1.9672044903700001,1.6528241269400001
21,4.584890112902497,4.573112556099588,1.9910423419168737,1.6726,0.61624887788,2.53424107088,2.23821591147
22,5.238774158154633,5.1423916179518026,2.654643189468843,2.2511,0.489112633719,3.09306072944,2.8457103719599997
23,5.609711613751859,5.644935324223198,3.297738842606716,2.8515,0.352901209462,3.65423071116,3.4368297672800003
24,6.1232338527403485,5.950893401227654,3.8929686780894848,3.4356,0.290923989167,4.134227006230001,3.96260392589
25,6.502847247131696,6.4762004915609115,4.394343078254357,3.9552,0.27430430374299997,4.60600729818,4.43932827416
26,6.9342688236793,6.599166721195008,4.84088886157246,4.4263,0.278696816137,4.99883847922,4.8584673906099995
27,7.563705726594513,7.16782051572995,5.224723521581526,4.8405,0.325245114115,5.42373303949,5.30726443657
28,7.795851698091269,7.567114195865612,5.678368080098342,5.2841,0.535894194518,5.8986207770700005,5.815023668819999
29,7.833576071103648,8.03940102099408,6.213286463218103,5.7858,0.928302204097,6.613732397969999,6.889972868739999
30,8.28446242014343,8.511105015671593,7.292157126680597,6.8481,1.0354032369700001,6.20251811502,6.701856064419999
31,9.53336909904641,8.996413978992981,6.404125774150103,6.6622,1.0021359610299998,6.15647682087,6.82805865665
32,8.822613642991033,8.489232420704571,6.802386018732208,6.787000000000001,0.912206849227,5.379675928539999,6.0974306907899996
33,8.555257085742278,7.825913074344011,5.361028864594807,6.0649,0.810866435604,4.84045917926,5.29990622145
34,7.526688572665917,8.108919159682035,4.580816616549352,5.2768,0.7208457078399999,3.04483177111,3.5153468809800006
35,7.8930085521570135,6.612282398446098,2.345665729902247,3.5132,0.649992375204,1.93431381745,2.27092471629
36,5.748369216032763,5.682914636873721,1.323123216359787,2.2834,0.609403062532,1.13239622303,1.2537789054200001
37,4.843770740889449,5.078790342755682,0.540121424727575,1.2783,0.569122893399,0.628734787116,0.671417949003
38,3.678559424687492,4.198860348472516,0.3774273574418199,0.70276,0.575857249492,0.636480350151,0.6791011078120001
39,3.220852520672119,3.9852037436870043,0.8344750653644126,0.71036,0.6304273872680001,0.698104570864,0.749659802886
40,3.382956427581492,4.010837068937209,1.0398534799469317,0.78008,0.744614462039,0.8256670718269999,0.8881936244930001
41,3.925611846278673,5.002929657026222,1.1742734442361291,0.91699,0.847987709956,0.9412447923080001,1.02258952951
42,5.345213313955778,4.588765396655845,1.255270500624023,1.0498,0.866176313758,0.9614729120100001,1.05223298541
43,4.455408625022484,4.898099714631885,1.1686156146455327,1.0791,0.8079394816509999,1.19870013422,0.982738602922
44,4.598386976221465,5.145951116789734,0.9962002178171199,1.0104,0.7346137327660001,1.6528241269400001,0.887135536907
45,5.380950311314193,5.664191977414953,0.8747593273685648,0.91594,0.615336772392,2.23821591147,1.0625244117200001
46,5.76411514764482,5.922979043362268,1.2287513331303725,1.0893,0.488308834735,2.8457103719599997,1.6132958744900001
47,6.147567911799994,6.33650518484656,1.9443024619073095,1.6336,0.352871280646,3.4368297672800003,2.25596834453
48,6.614548989523962,6.565220126375193,2.6905536691631213,2.2687,0.291303586878,3.96260392589,2.8444559619200005
49,6.890628478157741,6.957095252523805,3.2967679769658496,2.8502,0.275363014441,4.43932827416,3.39532719917
50,7.111493035369779,7.0222377810734855,3.8330622665888945,3.3946,0.279846878197,4.8584673906099995,3.8660811822300003
51,7.465772890496775,7.2446575303408745,4.2661965514690765,3.8598,0.326462820728,5.30726443657,4.31437390148
52,7.5064017198271324,7.416824416751456,4.693446668423437,4.3029,0.537315900981,5.815023668819999,4.82021155449
53,9.07071771050839,8.666290425043938,5.218706874367887,4.8027,0.929959823283,6.889972868739999,5.81280100512
54,10.01662282470759,9.790784291063868,6.238402152355366,5.7836,1.03725021749,6.701856064419999,5.959013434269999
55,10.600962954803505,9.962205332802093,6.0464657137658495,5.9281,1.00391430955,6.82805865665,5.7200401460000005
56,9.539576973850602,9.480341177141812,5.465855635825238,5.692,0.9140935365189999,6.0974306907899996,5.04076970955
57,9.896324116442885,8.998408828734085,4.426750658510253,5.0207,0.8127279108580001,5.29990622145,4.66937929232
58,10.194362520018133,10.065292722125639,4.346419828556279,4.6537,0.722194766481,3.5153468809800006,2.92845629057
59,12.212617469066652,9.819461495949053,1.7691805355094221,2.9332,0.651246584339,2.27092471629,2.41128103423
60,12.122598507727918,10.61791031183146,1.7978623296485625,2.4222,0.610370258594,1.2537789054200001,1.3842606012799998
61,9.71994329603396,9.79428559454697,0.6137883486892606,1.4072,0.5697935114379999,0.671417949003,0.8296417914030001
62,9.347145004107675,9.649167498289616,0.4351216675452022,0.85913,0.5761872724880001,0.6791011078120001,0.717169653727
63,9.289850179505347,9.789751854356403,0.7203029175306614,0.74798,0.630433223599,0.749659802886,0.752328693978
64,9.280486854325463,9.969284066035357,0.931159116248603,0.78272,0.744435597639,0.8881936244930001,0.994124628075
65,9.285383290089124,10.69638638554873,1.2820997768313922,1.0217,0.8478521000020001,1.02258952951,1.0256630796600001
66,11.448900376529117,10.60033840872752,1.1421171910107288,1.0528,0.866172423426,1.05223298541,1.13189752466
67,9.540021234801811,10.40833923703879,1.2778879744879643,1.1578,0.8081289641889999,0.982738602922,1.48989198516
68,9.242308510600413,10.363405870332125,1.770490608759238,1.5116,0.735294063678,0.887135536907,2.1305168464400004
69,9.544288719866909,10.339718988250734,2.527137499172273,2.1447,0.616419590186,1.0625244117200001,2.75767753037
70,9.67171787099012,10.30072902966442,3.21573163737318,2.7645,0.489252986941,1.6132958744900001,3.37664687508
71,9.734126092583846,10.348607994820146,3.842745918658806,3.3762,0.35340042190399995,2.25596834453,4.002101966230001
72,10.03439201203884,10.339014159079207,4.472744713442448,3.9943,0.29174669725,2.8444559619200005,4.54915027979
73,10.38919442304131,10.607779262875184,4.996013124586815,4.5349,0.275566908805,3.39532719917,5.09903236925
74,10.446893027855022,10.606733911463365,5.535327622368587,5.0783,0.28001646291099996,3.8660811822300003,5.5887242511399995
75,10.570218475164069,10.584834376364704,6.000110271838449,5.5622,0.326734417069,4.31437390148,6.11473530051
76,10.64879668363809,10.915092002839557,6.530594536085915,6.082000000000001,0.537650980267,4.82021155449,6.683479103790001
77,10.78604744283125,11.086025588614383,7.118849738331259,6.6441,0.930132585495,5.81280100512,7.616690354019999
78,10.89212079883667,11.388710798672635,8.08377671699758,7.5663,1.03726411037,5.959013434269999,7.62917785262
79,11.241459652242414,10.976610698661329,7.58551254247785,7.5786,1.00396935615,5.7200401460000005,7.761754126789999
80,12.06237895544842,11.570375174453181,7.830655704697501,7.7097,0.913864374382,5.04076970955,7.798440884560001
81,11.114712224427166,10.644100449610821,7.844375127731562,7.7459,0.812329957386,4.66937929232,7.646693978089999
82,10.270102049773445,10.98233589533643,7.536533373977621,7.596,0.721729453547,2.92845629057,7.35520884337
83,11.984683547168775,10.223694313398259,7.13369956697773,7.3079,0.650659402806,2.41128103423,7.4234042544399985
84,9.515322543751079,8.886011389482706,7.472011904879283,7.3753,0.609618370154,1.3842606012799998,6.817052406880001
85,8.562401913399363,8.682122489938388,6.26746618814183,6.7761,0.569011017006,0.8296417914030001,5.45217688779
86,8.428582891022005,8.52108345083389,4.4222066765745325,5.4273,0.575790351896,0.717169653727,4.75767918456
87,7.742970584817626,8.374082185760454,4.1215552330868865,4.7409,0.6301348803600001,0.752328693978,4.22905886148
88,7.56625382415235,8.35966218520773,3.866542311702222,4.2185,0.743972293621,0.994124628075,4.196440169140001
89,7.237271366038147,9.009525429059789,4.229074129699201,4.1863,0.8473246079760001,1.0256630796600001,4.06906554691
90,7.08089909451737,7.172739217010407,4.114663359248117,4.0604,0.865674798704,1.13189752466,4.35407498344
91,6.904230611490736,7.559426918382554,4.60473432240847,4.3421,0.808058754537,1.48989198516,4.56070420882
92,6.894985457402177,7.686623229595564,4.803193924788449,4.5463,0.7349913034059999,2.1305168464400004,4.91808605963
93,6.809517757915468,7.61606957382936,5.223457308916723,4.8995,0.616217192676,2.75767753037,5.353835287230001
94,7.26500776748876,7.744076781128335,5.709288519638258,5.3301,0.489110922436,3.37664687508,5.74639715074
95,7.450687588529363,7.9259312516175155,6.090661266597379,5.718,0.353420910405,4.002101966230001,6.140738703489999
96,7.600627724969929,7.927162009889095,6.479840690121233,6.1077,0.234146358954,4.54915027979,6.41876748293
97,7.810599369577284,8.029816372580719,6.688156169173267,6.3825,0.23366626583900002,5.09903236925,6.6924902371099995
98,7.940769121786946,8.07912912000732,6.948561713903177,6.653,0.233472202997,5.5887242511399995,6.90697755089
99,7.965923374846248,7.997672132419503,7.125202605240263,6.8649,0.23303085351,6.11473530051,7.139689468769999
100,7.999618818176546,8.21837593830694,7.365160401698892,7.0949,0.23529977424000004,6.683479103790001,7.410216212769999
101,8.131030112654983,8.376398233227503,7.661372390186726,7.3623,0.238902995061,7.616690354019999,7.7088229982600005
102,8.433509597873055,8.786328509082104,7.980556965418966,7.6574,0.240439762944,7.62917785262,7.788947951919999
103,9.806957815022317,9.202225782056608,7.898118834392885,7.7365,0.236079148022,7.761754126789999,7.648756178119999
104,9.680800229049266,9.092906500206588,7.556014164186201,7.598,0.23201365245299999,7.798440884560001,6.86943987734
105,8.572320582368992,8.270043762349395,6.178377052879372,6.8279,0.231829066126,7.646693978089999,6.7144154805400005
106,8.458726547353177,9.029763806796133,6.487423855707374,6.6747,0.23139484668299998,7.35520884337,4.79295286594
107,10.200064997274122,8.076310824082473,3.5588410182825667,4.7758,0.230637113489,7.4234042544399985,3.5674254372199994
108,8.289328152244991,7.383791875142186,2.557288473292881,3.5647,0.231526765768,6.817052406880001,2.42471097313
109,7.729682360659725,7.418410596017739,1.5485820749220105,2.4354,0.23277737265299997,5.45217688779,1.68554539263
110,7.84347642280299,7.497353560103791,1.1604541060648181,1.705,0.23460537791400002,4.75767918456,1.2252106589299998
111,7.623615104952787,7.816956984472768,1.0668254543947238,1.25,0.23901462629999998,4.22905886148,1.0636655748000001
112,7.600327908060816,8.031048312566936,1.2071640444519516,1.0904,0.24466703631700001,4.196440169140001,1.9519728166900003
113,7.403113521096865,8.779617961174882,2.1585847093902335,1.9682,0.247709042838,4.06906554691,1.74240492534
114,7.152232555176678,7.486124437097698,1.4488708418507985,1.7611,0.249022361574,4.35407498344,2.0813468241299997
115,6.86512399278917,7.513290953000592,2.1207390431912945,2.0961,0.250516850497,4.56070420882,2.4015995117299997
116,6.791767715945474,7.5715482101624,2.5937415806401707,2.4126,0.249595897367,4.91808605963,2.9091210292
117,6.963966308029173,7.742897784075984,3.2261704455511278,2.9141,0.244701979859,5.353835287230001,3.4929261208699995
118,7.189538995950067,7.737306765366779,3.8931190515814844,3.4911,0.240533312925,5.74639715074,4.04992230645
119,7.355968054768426,7.876932686049942,4.473561053070964,4.0415,0.23600189976999997,6.140738703489999,4.56703067148
120,7.537292970964035,7.910052508953488,4.981336929295867,4.5525,0.234207114105,6.41876748293,5.006198401090001
121,7.712229894071374,7.96679523680768,5.383207842142438,4.9865,0.234160296916,6.6924902371099995,5.3942096325
122,7.875396788871282,8.016156724698165,5.736250610866979,5.37,0.23389675055999998,6.90697755089,5.731847877330001
123,8.04336454981732,8.03743545704577,6.039883236044004,5.7036,0.23338572999200002,7.139689468769999,6.06870221306
124,8.047905273302053,8.225567890642463,6.370414563460825,6.0365,0.23572450479200002,7.410216212769999,6.45447495033
125,8.157343981187317,8.416651739394112,6.780994495312262,6.4178,0.239132477169,7.7088229982600005,7.39821213103
126,8.721073043209318,9.089440287608781,7.778857822382642,7.3504,0.240837349408,7.788947951919999,7.0791098961
127,9.302547823707709,8.949291959141279,6.656508635196518,7.0351,0.236801059477,7.648756178119999,6.922855503739999
128,9.538007038580112,8.846507475250391,6.7022939713230825,6.8806,0.23299010856400001,6.86943987734,6.274996474219999
129,9.766626326984372,8.967317296853992,5.66389086572196,6.2404,0.232757217699,6.7144154805400005,5.94505498566
130,8.432695469742232,9.31189615747644,5.632428462306417,5.9143,0.232265725624,4.79295286594,3.98347828638
131,9.073955665441183,7.567020107708724,2.74806489999807,3.9759,0.23149670655000001,3.5674254372199994,2.67390552661
132,6.819516036390412,6.455613314068113,1.6445885085527931,2.6817,0.23170886381099998,2.42471097313,1.63395896865
133,5.243814813763899,5.5825988034479135,0.8227207717174256,1.6540000000000001,0.23288176019200002,1.68554539263,0.9122565947589999
134,4.3069056464805,4.6961026165147075,0.4415220727946588,0.9407700000000001,0.234164674255,1.2252106589299998,0.644009823976
135,3.914003552022196,4.471186168274814,0.6164387974991585,0.6756800000000001,0.23832410888,1.0636655748000001,0.706143841549
136,3.9975446544950284,4.45849425517639,0.9612946732009342,0.7370800000000001,0.244001593671,1.9519728166900003,0.836102531831
137,4.628929825246284,5.431126480682571,1.1351816861372974,0.86551,0.24751433096900002,1.74240492534,0.9536932553309999
138,6.96266789724682,6.079566727869539,1.189809897691581,0.98172,0.24887918986,2.0813468241299997,1.02130593974
139,5.751224454628199,6.0402496671559245,1.1781306782763175,1.0485,0.250188435009,2.4015995117299997,1.26597446989
140,5.85520493776794,6.420116626600981,1.5109283519818564,1.2903,0.249341902652,2.9091210292,1.7212116950799998
141,6.89871242905239,7.146432306743447,2.0689948448730315,1.7402,0.244530403312,3.4929261208699995,2.30520379723
142,7.8010476339548225,7.794362391234234,2.725413865851918,2.3173,0.240347596954,4.04992230645,2.88869706481
143,8.086305504880784,8.267474217314028,3.3351841020217536,2.8939999999999997,0.23551107178599998,4.56703067148,3.4545738339199996
144,8.6283529730749,8.707560270498062,3.8989780754039285,3.4532,0.233628087468,5.006198401090001,3.92609671166
145,9.287759186853357,9.196271852731874,4.329390670830837,3.9191,0.23311320846,5.3942096325,4.36345409084
146,9.896541306631484,9.690109905263608,4.737796084778845,4.3514,0.232620877184,5.731847877330001,4.744885045069999
147,10.279386028753429,10.016056973942277,5.085140122853537,4.7283,0.23193860588100002,6.06870221306,5.11519232407
148,10.26489694985823,10.326224929213275,5.441866038372418,5.0942,0.234215775273,6.45447495033,5.5416369984200005
149,10.764570192048389,10.87338081822838,5.8929610360471605,5.5157,0.23766639384500002,7.39821213103,6.48668484873
150,11.180009217925551,11.505227964363911,6.886662101330709,6.4496,0.239227900166,7.0791098961,6.31775110659
151,12.586059534524763,11.985282227321957,6.053955847881003,6.2827,0.23509106728700002,6.922855503739999,6.28029028178
152,12.482885883152631,11.883226107332352,6.180559629519812,6.2456,0.231191671805,6.274996474219999,5.85211819441
153,11.190296198279782,10.937747047423514,5.44514471590809,5.8225,0.231170552099,5.94505498566,5.9125986500900005
154,9.222073869116482,10.777074686930444,5.867858287080286,5.8823,0.231235290707,3.98347828638,4.17550821461
155,9.353329813396014,8.453931809500089,2.973577384754619,4.1656,0.231023676329,2.67390552661,3.63070385373
156,5.851746647182028,6.320173644192388,2.9341478730828614,3.6272,0.231750930464,1.63395896865,2.83527763534
157,4.22931603174724,4.986534851502284,2.1290221594636343,2.8412,0.232974282269,0.9122565947589999,2.2886039397
158,3.6122461191662127,4.109992881857504,1.848131325509471,2.3009,0.234429645929,0.644009823976,1.77287692665
159,2.9444517551933385,3.6500031881118464,1.455090598530383,1.7913,0.238543073258,0.706143841549,1.43518462875
160,3.0193245665581303,3.621431448615855,1.3071171388983707,1.4575,0.24428319449000002,0.836102531831,1.24714897774
161,3.5880393501668664,4.596341903327614,1.2623402293635757,1.2717,0.247521548207,0.9536932553309999,1.22289638482
162,5.76818183358777,4.748764762075749,1.3542403518894959,1.2478,0.248744904271,1.02130593974,1.43064749224
163,5.347059196138498,5.331917200861472,1.6881834981059418,1.4531,0.250059061333,1.26597446989,1.70641598653
164,6.212806433439786,6.312748785330299,2.001860320973084,1.7256,0.249353851091,1.7212116950799998,2.00262945724
165,7.3409317553890485,7.297447522626371,2.2976173233454658,2.0183,0.24449826805,2.30520379723,2.37990810256
166,7.855948422792665,7.831525058619434,2.707616658556788,2.3911,0.240357529734,2.88869706481,2.752630397
167,8.527755759141222,8.575124845130892,3.083201019009898,2.7595,0.235459197713,3.4545738339199996,3.1344202997000004
168,9.147976481760853,9.148890203564282,3.4665061518271263,3.1368,0.233644917788,3.92609671166,3.44348942148
169,9.743890953809437,9.665091431093217,3.733596080290637,3.4422,0.233176632167,4.36345409084,3.74313567731
170,10.109706167500596,10.008180103488126,4.01946953248887,3.7383,0.232970086369,4.744885045069999,3.9862043463
171,10.598638257406435,10.315841746415177,4.2260248668429785,3.9785,0.232284331635,5.11519232407,4.24241001565
172,11.117398130053934,10.968872468932371,4.485417947152851,4.2317,0.234558484897,5.5416369984200005,4.56862832935
173,11.183812316090172,11.333909628017885,4.852972631679265,4.5541,0.23798899998599998,6.48668484873,5.32802699057
174,11.625729231130855,12.095521676541047,5.714222300635942,5.3046,0.239855890353,6.31775110659,5.08082612805
175,13.31054747606289,12.56125096657206,4.758483321699724,5.0603,0.23566310012400002,6.28029028178,5.09562860493
176,13.230048899212008,12.43433625600688,5.0239086506272725,5.0749,0.231988156344,5.85211819441,4.4748393245399996
177,11.564857113284948,11.320765379894933,3.870904894022164,4.4614,0.23191389775199997,5.9125986500900005,3.98275310232
178,9.657530998813334,11.228957696427399,3.5412713048986295,3.9751,0.23146464314800003,4.17550821461,2.8521955864499997
179,9.510629241795472,8.669460663469902,1.9675252708273752,2.8579,0.23062542995000002,3.63070385373,2.1024498394299997
180,5.841045771368537,6.567689296252434,1.5031303761220167,2.117,0.231489858759,2.83527763534,1.66376308011
181,4.0034592199317105,5.005723484664275,1.3966831407257316,1.6834,0.232786736158,2.2886039397,1.21126110623
182,3.1089912531141612,3.833111952969746,1.0300352003668591,1.2363,0.234038483743,1.77287692665,0.9067636052770001
183,2.297674270896913,3.219590170875641,0.8593539276387314,0.93534,0.238347799197,1.43518462875,0.933331084102
184,2.3912978256325768,3.126213722438381,1.1100780748950048,0.96159,0.244061130047,1.24714897774,1.5198223492899998
185,2.997437743598562,4.143628787136216,1.8629468042090471,1.5412,0.247310447564,1.22289638482,1.47998837651
186,4.967427121262153,4.0266615664502945,1.4545792568734652,1.5018,0.24871707692899997,1.43064749224,1.8732745854
187,4.09692815638704,4.378508764153796,2.0671763302154407,1.8905,0.250080689399,1.70641598653,2.2106986922400003
188,4.8370358919577505,5.110204844630718,2.476747625983837,2.2239,0.24922297856800002,2.00262945724,2.69402044537
189,5.943811849493956,5.907844398108303,3.038530437452412,2.7016,0.24482630441999997,2.37990810256,3.25929461506
190,6.44137948420382,6.471773886291954,3.666408794621847,3.2602,0.240492549069,2.752630397,3.7874184466000003
191,7.223083047856562,7.205330391407293,4.20492133374746,3.7821,0.235690966078,3.1344202997000004,4.30586190634
192,7.858998511996155,7.817897628262088,4.719694212699467,4.2944,0.23394027740200002,3.44348942148,4.74424713358
193,8.6232154898971,8.418994915129302,5.122390513822804,4.7277,0.233679041146,3.74313567731,5.14016935368
194,9.475627541965546,9.115167970361309,5.48707787072167,5.1189,0.233537460693,3.9862043463,5.48463058194
195,9.655040319616695,9.39299385528429,5.797866453272744,5.4593,0.23292588929299998,4.24241001565,5.85092532279
196,9.972610510486211,9.82001427571301,6.169448407116891,5.8213,0.235439018027,4.56862832935,6.27601850484
197,10.569419734513414,10.507564482017951,6.625145470717488,6.2414,0.23899825979699998,5.32802699057,7.294541190610001
198,11.357592485635731,11.652544530011427,7.672960088911044,7.247999999999999,0.240647615782,5.08082612805,7.03305385855
199,12.88976241709388,12.025929924446489,6.659500513893719,6.9895,0.23649777818599999,5.09562860493,6.759273855240001
200,12.123950033695301,11.418750169974183,6.449581714436302,6.718999999999999,0.23285010506099998,4.4748393245399996,6.153735784959999
201,12.093289351819424,11.15601387201811,5.59909564359391,6.1206,0.232871046919,3.98275310232,5.55261847564
202,13.0578935607043,12.899605829453865,5.05456598456552,5.5265,0.232464091109,2.8521955864499997,3.5697946276300003
203,14.447330927436722,11.980874412777354,2.356623900710556,3.5669999999999997,0.231857668655,2.1024498394299997,2.1007219504499997
204,9.829525667898935,10.28747517519121,1.0513777019547002,2.1152,0.232252499082,1.66376308011,1.28969588131
205,7.620679234924765,8.774543128564645,0.616640192381086,1.3138,0.233057774864,1.21126110623,0.6839112722239999
206,7.400966959720485,7.9543226964851215,0.36643493172067176,0.71511,0.234175094261,0.9067636052770001,0.691733979586
207,7.314752548825613,7.9099922176505535,0.8219510801813628,0.7228399999999999,0.238218702459,0.933331084102,0.763991559384
208,6.873349612174069,7.7673401268022815,1.0330680130195888,0.79425,0.243903386657,1.5198223492899998,1.11884917522
209,7.681968318968488,8.944853762863676,1.48904830575761,1.1449,0.24730738642499997,1.47998837651,1.0423581974200002
210,10.564468909474535,9.237939056654627,1.0466480092653607,1.0693,0.248877571512,1.8732745854,1.37323054009
211,8.540516278882588,9.262099283207704,1.5845689144838535,1.3963,0.250098191102,2.2106986922400003,1.69362180564
212,8.642676801462258,9.519751886742979,1.9708976830462586,1.7129,0.249402714653,2.69402044537,2.18145110135
213,9.540746981923203,9.89754374957164,2.5377552053618215,2.195,0.24465102990600002,3.25929461506,2.74878669545
214,10.088277737706237,10.39305484345734,3.163707564359727,2.7557,0.24051225094099998,3.7874184466000003,3.28834765232
215,10.545959922580327,10.821157754168828,3.713990600102997,3.2889,0.23573974948600002,4.30586190634,3.79825466322
216,11.040919211732797,11.292308037834763,4.212158491429024,3.7928,0.233738854414,4.74424713358,4.24894130425
217,11.318005536784101,11.55197383050816,4.633318131556592,4.2382,0.233601562126,5.14016935368,4.6191953774300005
218,11.98260494468474,11.8883654867162,4.953728786717693,4.6041,0.23362106624,5.48463058194,4.97203961276
219,11.67965213990536,11.8399575308204,5.287182733414266,4.9528,0.23307555741099997,5.85092532279,5.29442146432
220,11.998823272244552,12.114467578569634,5.589983809814853,5.2714,0.235432455006,6.27601850484,5.59613727977
221,12.546507605722956,12.65334379823231,5.875795470516284,5.5695,0.239070867542,7.294541190610001,5.99142822733
222,12.915445178518763,13.53038381143103,6.315966934954417,5.9602,0.240732729063,7.03305385855,6.99329263023
223,13.324583829863185,13.01561135391221,7.35977810793244,6.9502,0.236559434011,6.759273855240001,6.391001200650001
224,14.291049479485698,13.324483704764203,5.726870524655514,6.355,0.23288459152899998,6.153735784959999,4.72084710785
225,12.927463240913399,12.564471278140902,3.4948246992523613,4.7045,0.232757357453,5.55261847564,3.78428937439
226,11.504538318948597,12.571140214847098,2.8676150178086157,3.779,0.232156506037,3.5697946276300003,3.7794283945999996
227,12.92137871871854,10.690660446145003,3.3515553873023363,3.7742,0.231500764376,2.1007219504499997,2.62814520531
228,10.818948877541972,10.338698144037277,1.6516981318044244,2.6365,0.231774791877,1.28969588131,1.8230520666299999
229,9.626101244413423,9.949629819457542,1.1039588061681522,1.8408,0.23273876736699997,0.6839112722239999,1.4859865397799998
230,9.476691893879588,9.635664409669062,1.174526617261415,1.5077,0.23398224031800002,0.691733979586,1.07428810239
231,9.034079402639438,9.489633413527484,0.8481428194437997,1.1009,0.238290085776,0.763991559384,1.26147747402
232,8.93619426056898,9.782267137307072,1.3890749676722514,1.2859,0.244445819302,1.11884917522,1.5040387949
233,8.892182545369957,10.665972417992965,1.7532115124910648,1.5256,0.247978520537,1.0423581974200002,2.58404582619
234,10.952204457893917,9.955648992342548,2.8549901126611337,2.5929,0.249121397496,1.37323054009,2.41033093801
235,9.086551061384423,10.039486754626527,2.0934692483348933,2.4212,0.250480033539,1.69362180564,2.6050955355200003
236,8.939678932678731,10.089874598145688,2.5884736300544122,2.6137,0.24972607843199998,2.18145110135,2.9023236810900004
237,9.29582881253087,10.055142817745388,3.065499480398267,2.9074,0.24490008234400001,2.74878669545,3.2828608387
238,9.563736698306023,10.19097830095434,3.5474078136031375,3.2835,0.240774628182,3.28834765232,3.6659048843099997
239,9.784163424744115,10.338259592312603,3.9673421934649165,3.662,0.236071087384,3.79825466322,4.0572569420699995
240,9.859616162433976,10.402913508240616,4.376873913351505,4.0488,0.234385406465,4.24894130425,4.40846955321
241,10.123801887842333,10.584986234583532,4.715017257453215,4.3958,0.23423606750599998,4.6191953774300005,4.766684032930001
242,10.204176676353917,10.361321022434762,5.0762664887186455,4.7498,0.234036366197,4.97203961276,5.08052366802
243,10.235039740883384,10.467500473176369,5.367860682940899,5.06,0.23341462731999998,5.29442146432,5.3727913783700005
244,10.331713966937407,10.56045477042554,5.643582290208195,5.3488,0.236017818303,5.59613727977,5.64032728679
245,10.40070816710147,10.722365618241216,5.894495726103907,5.6132,0.239830007186,5.99142822733,5.987138148169999
246,10.659661368060709,11.327285735701293,6.282784809978607,5.9559,0.241447817894,6.99329263023,6.31297070992
247,10.997219840858506,11.026726763972574,6.607730898137709,6.2779,0.236953292916,6.391001200650001,6.7930789048
248,11.790536666176472,10.743599161256771,7.153078145434828,6.7524,0.233117530656,4.72084710785,6.29442130175
249,10.749989973047072,10.180774167930675,5.759339416094303,6.2596,0.233134289507,3.78428937439,6.12186818278
250,10.492592538731474,11.073762112632847,5.902253718854302,6.0891,0.232742946952,3.7794283945999996,6.931754904680001
251,12.344098311727658,9.665593156622117,6.947699440316857,6.8894,0.232154003915,2.62814520531,6.00810933797
252,10.048553991803129,9.26481594732598,5.058242724102547,5.9767,0.232531010817,1.8230520666299999,5.70037720625
253,9.324489728536337,9.295885553003949,5.180791761066035,5.6725,0.23345845081799999,1.4859865397799998,5.57290860777
254,9.654419022245204,9.369149861689506,5.32374187188836,5.5466,0.234546806528,1.07428810239,5.444202364730001
255,9.343096842390601,9.509171162110142,5.29494517597881,5.4194,0.238589008446,1.26147747402,5.5205455856
256,9.237481658014918,9.860611432829439,5.561154510525344,5.4948,0.244424242054,1.5040387949,5.4635658315699995
257,8.999403309416802,10.888478580179921,5.440973758915715,5.4385,0.247466034336,2.58404582619,6.4751429484
258,10.675968898221528,9.804115644138026,6.5515407710939435,6.4382,0.248956754345,2.41033093801,5.47491139773
259,8.429949324758658,9.61482552038635,4.51502103638148,5.4497,0.250541109653,2.6050955355200003,5.21466344684
260,7.9634174227964545,9.387852946034311,4.705771223449728,5.1925,0.24985929515500002,2.9023236810900004,5.14323687922
261,8.251189252135038,9.222928740130023,4.917013399051617,5.122000000000001,0.245067250753,3.2828608387,5.22506381518
262,8.419285375000946,9.182720799740434,5.21130433333677,5.2028,0.241085652511,3.6659048843099997,5.33231681047
263,9.003901338264718,9.439531493772964,5.403127544948347,5.3088,0.236233456696,4.0572569420699995,5.48072529722
264,8.959270280750015,9.510224749748062,5.608931282874539,5.4555,0.297962059027,4.40846955321,5.6366756699
265,8.980567773746584,9.525843527570629,5.7888688123964425,5.6096,0.280340660284,4.766684032930001,5.7704093922399995
266,9.237509585866317,9.415970281032827,5.915802793561605,5.7418,0.28530695779599996,5.08052366802,5.8841515739900005
267,9.118755989157247,9.38982879678689,6.018552702784453,5.8542,0.337273037647,5.3727913783700005,5.974978945219999
268,9.178567898082804,9.430301023906965,6.094894038605157,5.9439,0.566277606349,5.64032728679,6.0666708516100005
269,10.291762019629436,10.155810026581442,6.188809003016837,6.0345,0.994541379629,5.987138148169999,6.23413229408
270,11.904806626038912,11.633632707759569,6.410311719262408,6.2,1.1153099702200002,6.31297070992,6.45949469587
271,13.775707291702686,12.849186291012513,6.680082116911135,6.4227,1.08519797506,6.7930789048,6.9160659902
272,13.145411975287455,12.130545127015225,7.246374127022023,6.8739,0.988438944867,6.29442130175,6.6286310119700005
273,12.874858105903394,12.1492529068057,6.318918745712524,6.5899,0.876247597405,6.12186818278,6.493095553400001
274,13.173730049355184,13.450041545863296,6.3554065470023415,6.4559,0.774773480589,6.931754904680001,7.242980770910001
275,15.35817719913648,12.372448774162802,7.342911467498078,7.197,0.6968596642749999,6.00810933797,6.10035405974
276,12.480902946751655,11.798549160321611,5.079617239833633,6.0678,0.6498464481449999,5.70037720625,5.76672989324
277,11.733797240466064,11.801927750491254,5.2104720170392405,5.7381,0.605366536336,5.57290860777,5.494771450319999
278,11.787219627771783,11.622338893780537,5.1366202366299385,5.4694,0.611780818091,5.444202364730001,5.36189662436
279,11.472541494331608,11.703760094647421,5.202427347257243,5.337999999999999,0.674285356777,5.5205455856,5.304624721600001
280,11.266476570285246,11.885770714357868,5.2642077351929295,5.2815,0.7973548408810001,5.4635658315699995,5.23767134507
281,10.97857008466385,12.975537002997456,5.218543353730292,5.2153,0.9170275577949999,6.4751429484,6.27635445075
282,13.289757609504464,12.138727418065653,6.340358609743442,6.2417,0.943786796882,5.47491139773,5.3728663583200005
283,10.777798850292386,11.935912632113245,4.453471707925073,5.3489,0.8820047386319999,5.21466344684,5.07351564436
284,10.27044376494635,11.787501203286341,4.563142183598219,5.0531,0.797047332166,5.14323687922,4.93705617045
285,10.679659234003402,11.706728838937135,4.679473418796615,4.9182,0.6652297621,5.22506381518,4.91462805586
286,10.901290358142454,11.773405751713588,4.838795913082626,4.896,0.519851358741,5.33231681047,4.96286448746
287,11.133789988256355,11.732293763337218,4.995312928288322,4.9437,0.365023704333,5.48072529722,5.05412086328
288,11.315049555822945,11.894196427718933,5.147595600383445,5.0339,0.29796419974800004,5.6366756699,5.1895034860500004
289,11.384783820077818,11.977926276745901,5.329877404500968,5.1677,0.280266635024,5.7704093922399995,5.29364291924
290,11.383344720646782,11.734128259112115,5.421121209809656,5.2706,0.285152588991,5.8841515739900005,5.35308664815
291,11.423799114160694,11.756518177824901,5.447639259260631,5.3293,0.337054700492,5.974978945219999,5.412678779480001
292,11.475207431638285,11.930331619367664,5.508824301383352,5.3882,0.5660612212139999,6.0666708516100005,5.67069179467
293,11.655642272409033,12.13221984642512,5.891016492117094,5.6432,0.994354607291,6.23413229408,5.776535894380001
294,12.038599234745659,12.657740751012454,5.912514715706962,5.7478,1.11528423425,6.45949469587,6.15737854732
295,12.445420611419731,12.376359027721534,6.428421136599913,6.1242,1.08512089256,6.9160659902,5.593292796569999
296,13.25451415076501,12.286251328414316,5.009915056848784,5.5667,0.988469592649,6.6286310119700005,5.142643913040001
297,12.12918261802005,11.754303216820375,4.718480843414766,5.1214,0.87641952265,6.493095553400001,4.93253953174
298,12.019178999301284,12.728428993912138,4.757964601604617,4.9137,0.7751444029160001,7.242980770910001,3.9731919102099997
299,14.07688575868273,11.187124080787886,3.178186630127792,3.9657,0.696839702286,6.10035405974,2.6379168122
300,11.708128365332634,10.88086891331962,1.6647039567313962,2.6461,0.649351596895,5.76672989324,1.87114569098
301,10.893215656400779,10.826089107219795,1.2498951054658947,1.8884,0.605059982235,5.494771450319999,1.56093925929
302,10.953336407937012,10.699448045246628,1.376396368716205,1.5818,0.611903727271,5.36189662436,1.26061845819
303,10.08450026988183,10.450885631637734,1.225993390628785,1.285,0.674527065881,5.304624721600001,1.3194575178399999
304,10.149466078594237,10.641521329302352,1.5178900923561613,1.3432,0.7977579608750001,5.23767134507,1.47408594604
305,10.164781190086941,12.063368117038399,1.735434463830944,1.496,0.91734096472,6.27635445075,2.2940647207400002
306,9.803836144196225,9.60113305875105,2.6440143468248385,2.3063,0.9439584601980001,5.3728663583200005,2.0091982018900003
307,9.413889242643053,10.163000780893064,1.6456647306146026,2.0248,0.881920662616,5.07351564436,2.3637084330400002
308,9.393718523939274,10.417307120536787,2.368295338701549,2.3751,0.796804325811,4.93705617045,2.66446238128
309,9.484775819623781,10.442058461229182,2.8314247062412625,2.6724,0.6649391445939999,4.91462805586,3.1299766561799998
310,9.660699935993357,10.52246673397485,3.4220323648597897,3.1324,0.519525265753,4.96286448746,3.5659660617199997
311,9.382026975491183,10.224861145021912,3.899666320929073,3.5633,0.364836653289,5.05412086328,3.9291235604300003
312,9.562723718475347,10.234192290859067,4.237757636493518,3.9221,0.291660487612,5.1895034860500004,4.45035894044
313,9.570538363457263,10.203238785004217,4.822475174420627,4.4372,0.27514933711,5.29364291924,4.74984600439
314,9.597243020692694,10.002034959399117,5.03092652631781,4.7332,0.27931098059,5.35308664815,4.8899635727
315,9.577569423346773,9.92924101546418,5.041390159906634,4.8717,0.325785391953,5.412678779480001,5.1752965305
316,9.376063507620227,9.922281160611746,5.411262261758015,5.1536,0.5364515597680001,5.67069179467,5.25608706918
317,9.4629734618129,10.03098926082021,5.364003021333685,5.2335,0.9285486999299999,5.776535894380001,5.44625745467
318,9.852886874013938,10.44783059319482,5.622000914444997,5.4214,1.03540656803,6.15737854732,5.71063808985
319,11.743600298218615,11.185012864750897,5.949026663496123,5.6827,1.00197751296,5.593292796569999,5.94558049015
320,10.733712576024395,10.102284120114625,6.17565051641158,5.9149,0.912161760883,5.142643913040001,5.167867898440001
321,10.321638255801673,9.964927761601185,4.41698905653543,5.1463,0.810835756116,4.93253953174,4.33839083959
322,9.104007739243789,10.299507502666563,3.615168066472169,4.3266,0.7202590902429999,3.9731919102099997,4.57937641835
323,9.903898843325223,7.82186315460745,4.346541498142919,4.5647,0.649627524588,2.6379168122,4.006782482069999
324,6.436962570690709,6.412013093864876,3.402220328119218,3.9989,0.6092968539779999,1.87114569098,3.45860205351
325,4.472477820426723,5.250213123983206,2.9402222680377643,3.4572,0.569012598944,1.56093925929,3.8925813338699995
326,3.572077612418486,4.00631870749391,3.78627718788574,3.886,0.5758451527239999,1.26061845819,3.6541615730699997
327,3.083446657451928,3.628098560339144,3.324220325157138,3.6504,0.6303079763270001,1.3194575178399999,3.28093008567
328,2.921536190336706,3.432172405005772,2.8937232398004493,3.2816,0.7441867622,1.47408594604,3.6551703265699995
329,3.430683206008634,4.704304901546814,3.654980446837073,3.6514,0.8474928093449999,2.2940647207400002,4.01631609124
330,5.578961549593396,4.401626370929607,4.218110828435119,4.0083,0.866024429988,2.0091982018900003,3.6764824940199996
331,5.1273029151953695,5.04065397588504,3.2758712217782615,3.6725,0.808038879888,2.3637084330400002,3.5935885583800005
332,5.354706148208468,5.791437268840602,3.45344027318532,3.5905,0.734978941718,2.66446238128,3.8798759560100002
333,6.404324966777766,6.618203066024504,4.011823646958479,3.8735,0.616294999868,3.1299766561799998,4.1432543626800005
334,6.7338323432733915,7.039208877781788,4.353090221952103,4.1337,0.489064896443,3.5659660617199997,4.77798377974
335,7.279302611498405,7.5509620922728455,5.12405723945373,4.761,0.35335934717,3.9291235604300003,4.77691317716
336,8.036492544302142,8.0895865951624,4.741225851195418,4.7599,0.29159856899000003,4.45035894044,5.0911956064099995
337,8.412479901419111,8.556262626504555,5.25271066837155,5.0705,0.27512120285700004,4.74984600439,5.32337774268
338,8.604329974922269,8.70617248867271,5.516666068432406,5.3,0.279351277738,4.8899635727,5.713163460680001
339,9.176638909935509,9.07480557128242,5.998893856453682,5.6852,0.325910775293,5.1752965305,5.93458450824
340,9.666236790234013,9.666770685324959,6.146801965633633,5.904,0.536630795122,5.25608706918,6.205899722509999
341,10.195367094491214,10.309929025389925,6.442840534983643,6.1721,0.9289196702060001,5.44625745467,6.35998460056
342,10.453609726791836,11.073069785901085,6.52714202123311,6.3244,1.03607890295,5.71063808985,7.16582369702
343,12.193394605744873,11.418168220595817,7.458476136331262,7.1207,1.0026946527,5.94558049015,7.19101752158
344,11.103068064368314,10.66808100732668,7.142120586814553,7.1456,0.912263678585,5.167867898440001,5.99417119755
345,10.583505156757496,10.16337778673697,4.948079007819701,5.9629,0.810584885497,4.33839083959,4.75191218286
346,8.638438864663414,10.185309231906789,3.740563837473189,4.7352,0.72032091769,4.57937641835,4.40526857297
347,9.906223941201532,7.803065322068874,3.8876965771205603,4.3927,0.649795547751,4.006782482069999,2.7212342745200004
348,6.241486247418528,6.213829246010319,1.590805585978732,2.7285,0.609133351185,3.45860205351,1.74074858312
349,4.189582626177201,5.005003801019659,0.9331676162301672,1.7595,0.569111177306,3.8925813338699995,1.27766505385
350,4.109988061867307,4.295356952464248,0.9077746808516063,1.3019,0.575928211347,3.6541615730699997,0.9260522204430001
351,3.9692044144884666,4.175337031009329,0.8300462671703022,0.9544,0.630288369766,3.28093008567,1.0058340270100001
352,4.102398981084961,4.393343146762515,1.2077150672369181,1.0332,0.7441220834260001,3.6551703265699995,1.10726509984
353,4.3929058691624805,5.67808370607285,1.3475307246933885,1.1335,0.847898791909,4.01631609124,2.06023805
354,5.728997761713467,4.9743594297183735,2.3466640354949857,2.0752,0.866090421589,3.6764824940199996,1.83470319907
355,5.007130559957094,5.208014394034423,1.4967949336631685,1.8524,0.807815257603,3.5935885583800005,2.27649256843
356,5.107712560864327,5.763543835420899,2.2894006836782697,2.289,0.734693625839,3.8798759560100002,3.00016878891
357,5.470561616923913,6.0127441198532825,3.2793920473422546,3.0041,0.616205626867,4.1432543626800005,3.32910991436
358,5.88579849373217,6.384351487590157,3.561392429303268,3.3292,0.489033772515,4.77798377974,3.87409205938
359,6.292022758531903,6.734361531023172,4.200239690744565,3.8678,0.353129106513,4.77691317716,4.33147644461
360,6.538503092918228,6.871415513524454,4.687872970745193,4.3198,0.291345614443,5.0911956064099995,4.779422229690001
361,7.171399517237635,7.3078099968374115,5.138092117547727,4.7624,0.274960092028,5.32337774268,5.22710348797
362,7.216028614294423,7.439942776863505,5.59204472947178,5.2048,0.279183997789,5.713163460680001,5.519087357439999
363,6.5488320100407185,7.053448791227082,5.797253125592191,5.4934,0.32578431958500004,5.93458450824,5.53102340171
364,6.346462862473876,6.942035059713,5.570484242012508,5.5052,0.536642775018,6.205899722509999,5.8865816118
365,6.718235577993867,7.10945724190931,6.110504176154703,5.8566,0.928683287087,6.35998460056,6.0773474824500004
366,7.373968149389397,8.058351157750495,6.264280694525649,6.0451,1.03578402407,7.16582369702,6.596676615700001
367,9.025111632415378,8.058463750814948,6.915724988277528,6.5583,1.00269102953,7.19101752158,6.21404313619
368,7.980917158979594,7.555321947319757,5.781736042426732,6.1802,0.913006299671,5.99417119755,5.532264512849999
369,8.063109125795181,7.110883025600135,4.9005405855616395,5.5064,0.811667740821,4.75191218286,4.2146687117
370,6.672110223875836,7.840782867633994,3.2125829623775246,4.2043,0.721427476874,4.40526857297,2.8743803911000003
371,6.172983796427374,4.535504513668655,1.9080422158108252,2.8798,0.650507918435,2.7212342745200004,1.65272207683
372,4.059636428004329,3.5760487141603816,0.8170062023706423,1.6725,0.609420960797,1.74074858312,0.808228052995
373,2.9778920261434774,3.143978555486902,0.29926669181682264,0.83796,0.569013575941,1.27766505385,0.752666382277
374,2.614302393982614,2.596286129345107,0.7736583340401828,0.7830600000000001,0.577116020746,0.9260522204430001,0.700043247533
375,2.333406368533412,2.4820174132489146,0.9148992254255152,0.73105,0.631660462204,1.0058340270100001,0.7989955659289999
376,2.754620299708727,2.844384311381967,1.0791931903583876,0.8288399999999999,0.7451958583230001,1.10726509984,0.844983513872
377,3.2344109741175315,4.24256677281964,1.035202757591189,0.87429,0.848143402304,2.06023805,1.61566133872
378,5.562791263053082,4.30864177198991,1.9232902149223534,1.6359,0.8661377066079999,1.83470319907,1.51069319238
379,5.028068618950815,4.831855240948061,1.345690428714453,1.5322,0.8078529142090001,2.27649256843,1.67110016152
380,5.630104943093783,5.799729089346707,1.7208564528631711,1.6907,0.734711113033,3.00016878891,2.09138504145
381,6.419091931599622,6.560416987812067,2.3363696779371663,2.106,0.61605570463,3.32910991436,2.46702852882
382,7.035333481351368,7.246503715223118,2.7624114339411863,2.4772,0.489098615889,3.87409205938,2.84636870948
383,7.445613596494405,7.739418347348975,3.155480948842168,2.8521,0.35347463308300003,4.33147644461,3.1955526927599998
384,7.75172917458854,8.090227824453807,3.497484297364078,3.1972,0.291962599856,4.779422229690001,3.5750236079000004
385,7.745528786788216,8.09972948447723,3.8941199795854526,3.5722,0.275777413644,5.22710348797,3.8187282596800007
386,8.251842577436394,8.317493997507649,4.0594748292373,3.813,0.280261210019,5.519087357439999,4.034740229930001
387,8.235989630028389,8.438940618562881,4.247653833325988,4.0265,0.32704129992,5.53102340171,4.2018387938099995
388,8.205352617499237,8.632410646224667,4.381742838511176,4.1916,0.537998897193,5.8865816118,4.27144851486
389,8.32713759069419,8.80902669350828,4.375241828402131,4.2604,0.930514030188,6.0773474824500004,4.5919944677
390,9.030527215177464,9.811038380930489,4.835218713063401,4.5772,1.03783244736,6.596676615700001,5.442066347540001
391,10.785523594644934,9.714190887763355,5.7991076034145905,5.4173,1.00482393833,6.21404313619,5.45553471615
392,9.277618000567328,9.194330873783386,5.399370168110529,5.4306,0.9150411527860001,5.532264512849999,5.1809987816100005
393,8.989370011861945,8.245228412213812,4.895620235289893,5.1593,0.8134685539300001,4.2146687117,4.4595918160300005
394,8.463319147856835,9.142913986572507,3.8117899557658275,4.4464,0.722773445025,2.8743803911000003,4.32599234579
395,8.884326260603967,6.993804293244835,4.119955470581139,4.3143,0.651936496361,1.65272207683,3.91330162084
396,5.495424622008713,5.354374479396481,3.5933581738705604,3.9065,0.6108414140649999,0.808228052995,3.61458897878
397,3.524365716024777,4.259981083206949,3.4166210794350893,3.6113,0.570118746358,0.752666382277,3.53333128513
398,3.8483082249131346,3.859511673771721,3.5338429155381457,3.531,0.57655973487,0.700043247533,3.07917485678
399,4.418594720900911,4.234626858189596,2.743310805036593,3.0822,0.630877419115,0.7989955659289999,2.8871261784400004
400,4.377978728005177,4.4777899343285785,2.778981377923028,2.8924,0.744691079162,0.844983513872,3.04617811578
401,4.49592838771048,5.776143497970203,3.191872226744633,3.0496,0.848097728542,1.61566133872,4.45992232615
402,6.181392475157399,5.323371631698998,4.473540216286402,4.4467,0.866614661939,1.51069319238,4.02759250071
403,4.9964918488287635,5.354061663011187,3.385459243702738,4.0194,0.808814278226,1.67110016152,4.364802102980001
404,5.0032232806763846,5.65253836423292,4.168746181345556,4.3527,0.7357071044300001,2.09138504145,4.90822032424
405,5.566732388731618,6.047353326572808,5.051810262390663,4.8897,0.6168897646429999,2.46702852882,5.37901394264
406,5.88153909832665,6.357320470546252,5.653710424276342,5.355,0.489590314291,2.84636870948,5.7860308279799995
407,6.221218914982927,6.66601199790961,6.079826265915905,5.7572,0.353844315961,3.1955526927599998,6.464111394110001
408,6.804384115462293,7.042407637084819,6.853759858541282,6.4273,0.29215082770399997,3.5750236079000004,6.8800169355
409,7.4584738493016305,7.552877902528826,7.231111387990082,6.8383,0.275983942827,3.8187282596800007,7.23599150367
410,7.753218521628504,7.707337107172447,7.541239655906763,7.1901,0.280444025538,4.034740229930001,7.52761996217
411,8.063601251551908,8.06426736320186,7.795808352840255,7.4783,0.32725289931400003,4.2018387938099995,7.902617768260001
412,8.37271268001428,8.51751455429432,8.212031750358578,7.8489,0.538340006941,4.27144851486,8.30485321046
413,8.557303644643035,8.944367030119583,8.64144946882636,8.2464,0.9312782891700001,4.5919944677,8.673954164369999
414,8.734677466633757,9.754606713963023,8.998661981434257,8.6111,1.03861540894,5.442066347540001,9.0296467587
415,8.981167007216857,8.549582315173538,9.343745580882011,8.9626,1.00539049361,5.45553471615,8.938287465950001
416,9.583114972029364,9.028358691196452,8.865654932581286,8.8724,0.915170389958,5.1809987816100005,8.19168492622
417,8.79077384995859,8.027494949973288,7.504305834620812,8.1345,0.813058256229,4.4595918160300005,6.7453168441199995
418,8.348872536502995,8.844097384533091,5.68809513938012,6.7052,0.7223936252140001,4.32599234579,6.51704262694
419,8.358912620963354,6.51886650997797,6.033995777511848,6.4796,0.6513380050509999,3.91330162084,4.59698929078
420,5.173311696811538,4.988092910550431,3.3759246178562163,4.5821,0.6103546032989999,3.61458897878,3.34923101028
421,3.337231705909089,4.124832746234369,2.365625195649171,3.3491,0.569902941138,3.53333128513,2.59557224422
422,2.9567954505849037,3.3624760073107125,1.9691738735840223,2.6043,0.576796933107,3.07917485678,2.06334061565
423,2.575317161534337,2.892065307380169,1.7866771855030494,2.0783,0.631212281162,2.8871261784400004,2.02989103297
424,2.700891937108045,2.9661225342473294,2.1552379724228548,2.0453,0.745113887365,3.04617811578,2.33842953648
425,3.0758879940682973,4.280185108293306,2.6689054317735956,2.3502,0.8488139671349999,4.45992232615,3.57458592678
426,5.796225350472804,4.387167019534453,3.8266705372726997,3.5718,0.8670656070630001,4.02759250071,3.40619345634
427,5.397909655504426,5.119273848786477,3.0853145830470754,3.4054,0.8088895322669999,4.364802102980001,3.80495303134
428,5.682310260778686,5.879556551550411,3.8197411778726,3.7994,0.735839288079,4.90822032424,4.26378007172
429,6.272315650911706,6.496297505239053,4.497491911092307,4.2529,0.61685305696,5.37901394264,4.67367783746
430,7.166193631363462,7.277727112573867,4.962329344507037,4.6579,0.48984474709,5.7860308279799995,5.16123355116
431,7.638501811918014,7.880583274455907,5.508485532016987,5.1397,0.35382042471999997,6.464111394110001,5.5895486197899995
432,8.223980223065432,8.41178898555129,5.939001010082972,5.563,0.29805045389,6.8800169355,6.07034930785
433,8.859662776624699,8.910992262270646,6.444391307364313,6.0382,0.280078456237,7.23599150367,6.53658808023
434,9.316104097569394,9.245034500774253,6.9174252912020116,6.4989,0.284804157776,7.52761996217,6.81471862598
435,9.571127441194125,9.57990411359986,7.084805683349831,6.7738,0.336748537279,7.902617768260001,7.1753544605699995
436,9.953147580005826,10.04498064565984,7.475422364712063,7.1302,0.566366114242,8.30485321046,7.437304246919999
437,9.94580124504614,10.375101361763843,7.691378754204821,7.388999999999999,0.9960221841310001,8.673954164369999,7.7510643772600005
438,10.148028363187228,11.098376475374799,8.027122714380631,7.6991,1.11725047482,9.0296467587,8.10765844541
439,11.368725558069544,10.877504052409826,8.414230546550785,8.0515,1.0871202417899999,8.938287465950001,7.79938158163
440,11.356309910979054,10.751663224191127,7.483728611212408,7.7469,0.990004191037,8.19168492622,6.95663675636
441,10.314287241480319,9.872817281468453,6.209818925073281,6.914,0.877356461441,6.7453168441199995,5.69043719871
442,9.312229138856793,10.005098396965359,4.732072120272007,5.6627,0.775200783328,6.51704262694,5.3180314416100005
443,9.397669056335854,7.706713381315262,4.878771520113073,5.2947,0.6968883262890001,4.59698929078,3.38238767555
444,6.925226406756181,6.482360724050283,2.2033583008602466,3.3818,0.6499448959040001,3.34923101028,2.2253083719
445,5.866254497815245,6.180875077375795,1.3310209899797627,2.2384,0.606091618118,2.59557224422,1.65276120495
446,6.250913827771071,6.11214085375897,1.19475558548878,1.6726,0.612825977567,2.06334061565,1.2091073438700002
447,6.894294757640548,6.5634296310863505,1.0642022199299987,1.2341,0.6754826958589999,2.02989103297,1.2311133887899999
448,6.898446548235894,6.909738811983668,1.4292531210665858,1.2559,0.798859315294,2.33842953648,1.33448992953
449,6.875360703796814,8.310966850589756,1.6124640191253792,1.358,0.918666038183,3.57458592678,2.47378937381
450,8.375022625064759,7.627136203400283,2.6958268606165436,2.4839,0.9454379923559999,3.40619345634,2.30144245062
451,6.96972979120078,7.489777519122068,1.9788308015841112,2.3136,0.883637735536,3.80495303134,2.7382615820700003
452,6.728462646193421,7.555987255050043,2.754468642629091,2.7453,0.798308124947,4.26378007172,3.22733405384
453,6.832756795265389,7.663353783916697,3.472649041803398,3.2286,0.6660541803360001,4.67367783746,3.7560595142800004
454,6.9942884541240495,7.69288588979475,4.100165964193467,3.7511,0.520423032517,5.16123355116,4.31542601415
455,7.154545907975404,7.862645385595713,4.711824790211202,4.3039,0.365210887337,5.5895486197899995,4.91786108074
456,7.179723561005607,7.868277268409746,5.351692882953676,4.8992,0.297908033552,6.07034930785,5.32661876982
457,7.833308124353703,8.128377011345552,5.688366719676499,5.3032,0.279980039874,6.53658808023,5.9531006905699995
458,8.124039881533907,8.231861490875865,6.36582567976088,5.9223,0.284773274621,6.81471862598,6.31288747819
459,8.293333509111086,8.434819683777832,6.64134391432699,6.2778,0.336785920325,7.1753544605699995,6.575108423780001
460,8.397590018572057,8.585607369544636,6.822729037766955,6.537000000000001,0.567056931273,7.437304246919999,6.93377710395
461,8.657573058750266,9.004601029775955,7.229470413898264,6.8914,0.9966213766230001,7.7510643772600005,7.293319743560001
462,8.926280541807856,9.82854951701973,7.60589491194028,7.2467,1.1178972923700001,8.10765844541,8.394489752010001
463,9.368311666443876,9.258684759244286,8.70920771500301,8.335,1.08764822073,7.79938158163,7.6948762224000005
464,9.570736922218138,8.946840766650858,6.9590617097927545,7.6436,0.9903067188760001,6.95663675636,7.62513183079
465,9.357530014146672,8.5469022431123,7.327359322761684,7.5747,0.8773891843359999,5.69043719871,7.46445206648
466,9.235175320142584,9.255444491971634,7.242460732821715,7.4159,0.775217939269,5.3180314416100005,8.10299593296
467,10.987814097877589,8.298963737663922,8.176642389570205,8.0469,0.69684490993,3.38238767555,6.49429443184
468,7.1566310464305,6.805084288163722,5.324911209000013,6.4571,0.649741708758,2.2253083719,5.86617277366
469,5.3560857704337375,6.120260186975085,5.0711051900999555,5.8364,0.605827490412,1.65276120495,5.581403906369999
470,5.330141254887747,5.659498119748035,5.131032082118945,5.555,0.612646720143,1.2091073438700002,5.27295261875
471,6.5600371553481684,6.088463764266672,4.957768275384451,5.2502,0.675491536765,1.2311133887899999,5.18211478119
472,7.090933887429108,6.723538112364559,5.094611305658289,5.1604,0.799166907644,1.33448992953,5.2310671412400005
473,7.102528088158797,8.276520683986918,5.296182630572477,5.2088,0.919287334869,2.47378937381,6.06201022758
474,9.10758491407444,8.00554567747124,6.285627870449425,6.0299,0.946099769992,2.30144245062,5.28666963641
475,7.450173468575125,7.914321438520467,4.476840141773175,5.2637,0.884279572327,2.7382615820700003,5.47304693594
476,7.188465657501947,7.988999887427417,5.18751114088677,5.4479,0.799053916806,3.22733405384,5.35806869458
477,7.604926683389409,8.289454475740136,5.112725655845946,5.3343,0.666299294751,3.7560595142800004,5.52776717245
478,7.842393002448515,8.454954625392537,5.538247081171445,5.502000000000001,0.520463584774,4.31542601415,5.68563837584
479,8.184424255224108,8.74900972871513,5.7818672604324455,5.6579999999999995,0.365159229802,4.91786108074,5.771777226819999
480,8.449905730407426,9.073362645957832,5.846234900141624,5.7431,0.29178673359900004,5.32661876982,6.075586616310001
481,8.705342647066495,9.131749826647127,6.291174898473259,6.0433,0.275074272438,5.9531006905699995,6.219359195469999
482,8.88548620331764,9.155655209792423,6.3676572580395625,6.1854,0.279242487439,6.31288747819,6.24948197367
483,9.348894329666333,9.428988254555751,6.305110407533613,6.2152,0.32616628931999997,6.575108423780001,6.4589071699
484,9.502080569622336,9.660753581699069,6.636404822238467,6.4222,0.537830138371,6.93377710395,6.70379706931
485,9.712772914118501,10.040131693040001,6.931644117018624,6.6642,0.9319063786480001,7.293319743560001,6.851773231240001
486,10.256299083085475,10.957492692683957,7.017038898992326,6.8104,1.03958994311,8.394489752010001,7.1224308367499995
487,11.727211614100057,11.264320724001681,7.357683097824322,7.0779,1.00604892974,7.6948762224000005,7.5711940898000005
488,10.953728728137653,10.595407375209291,7.904868044862181,7.5213,0.915157347784,7.62513183079,7.2643367990100005
489,10.640672026741743,10.114459887292833,6.932498751912524,7.2181,0.8130506871600001,7.46445206648,7.17044605053
490,9.030060725585388,9.94171107462426,7.056741856646954,7.1253,0.721782479323,8.10299593296,7.91251727274
491,9.875269140947116,7.7213851553264465,8.035467038201865,7.8587,0.650562092781,6.49429443184,6.80907750782
492,6.846011374023161,6.501474470284623,5.8090225816813374,6.7682,0.610194803143,5.86617277366,6.22531867486
493,5.500811561645869,6.052259622302755,5.536323825210594,6.1913,0.570231098078,5.581403906369999,5.925285720009999
494,5.482600355278402,5.905845537946954,5.539225558127063,5.8948,0.577123632377,5.27295261875,5.04889864959
495,4.943733943781057,5.232646699379618,4.280699043503298,5.0287,0.631668813421,5.18211478119,4.8615065816300005
496,5.083130625920759,5.200389232187718,4.577015482392634,4.8435,0.7460789166580001,5.2310671412400005,5.15488396687
497,5.874629456632023,6.928985084017273,5.2239594223406485,5.1335,0.850207679135,6.06201022758,6.11580108385
498,8.391125065123166,6.834464787419898,6.345913943752593,6.0831,0.8684384978219999,5.28666963641,5.20885261294
499,6.733817394177355,6.994595095921713,4.3295487406270885,5.1868,0.810144589289,5.47304693594,5.25018086631
500,6.676389556203085,7.299438990284464,4.898139565555798,5.2276,0.7366996856839999,5.35806869458,5.624511317660001
501,7.50454131393275,7.875656428051972,5.637000275135505,5.5976,0.61749084177,5.52776717245,5.602515412130001
502,7.9432395859588985,8.330678741788645,5.481141970053307,5.5758,0.490022742911,5.68563837584,5.9047121489
503,8.404983143283713,8.78895087336763,6.016719428988877,5.8745,0.353564104845,5.771777226819999,6.47400368151
504,8.756250998937482,9.24021304902568,6.776204844018187,6.4371,0.29140932401999997,6.075586616310001,6.903631687110001
505,8.937586669715149,9.36511137788115,7.23545863014173,6.8616,0.274919083517,6.219359195469999,7.26784566488
506,9.157546584475483,9.487811756349334,7.5708030517441705,7.2216,0.279002960455,6.24948197367,7.806020404419999
507,9.33004475098706,9.531262095355569,8.179737694737323,7.7534,0.325737733565,6.4589071699,8.3006649969
508,9.549772502988375,9.75138143370495,8.696061116099134,8.2422,0.537247055973,6.70379706931,8.60305522385
509,9.886369442125954,10.188449649949748,8.889127414595842,8.5411,0.9311136934090001,6.851773231240001,9.14772500064
510,10.06996271880498,10.960550659745714,9.512805073998642,9.0793,1.0388362365600001,7.1224308367499995,10.2641856733
511,10.500611177041147,10.46431130325903,10.6514051762516,10.183,1.0051161068,7.5711940898000005,10.2864801842
512,11.30110025138658,10.629564223525218,10.206549561302479,10.205,0.9144723904269999,7.2643367990100005,8.9187070617
513,10.386751698083764,9.733881699521085,7.78912535079493,8.853,0.812798074262,7.17044605053,7.499082788069999
514,9.09564186984871,9.99539311219525,6.396126913443161,7.4501,0.722471033507,7.91251727274,8.10144628977
515,11.061368452124011,8.345510499071354,7.251129507864086,8.0454,0.6515605336320001,6.80907750782,5.83609776097
516,9.073821556080192,7.964361386943467,4.357085723119886,5.8067,0.610934139224,6.22531867486,4.730154528430001
517,7.882809073848933,7.959682489850771,3.512476097207859,4.7137,0.570648750315,5.925285720009999,4.06099719555
518,6.456543219566347,7.200580612076381,3.145905498296232,4.0525,0.577546094096,5.04889864959,3.51397579497
519,5.517210228908381,6.359954064877572,2.8897654763837783,3.5119,0.632211425681,4.8615065816300005,3.5698959034
520,4.996119839138347,5.760894779624207,3.3954737518821436,3.5671,0.746752788355,5.15488396687,4.04817970215
521,5.4231212023018385,6.968239992085374,4.186845837770987,4.0398,0.850525611583,6.11580108385,5.8328022612199995
522,7.737824525336846,6.34942796816796,5.762594556957435,5.8034,0.868593049991,5.20885261294,5.239375858530001
523,6.326444680949765,6.592833427572158,4.50613013261832,5.2170000000000005,0.8100714796070001,5.25018086631,5.6150619945899995
524,6.592055303399766,7.103039061202571,5.341500029980371,5.5882,0.7365977512880001,5.624511317660001,5.72924755456
525,7.38555302191203,7.661602224478129,5.615334795016773,5.7011,0.6173339638359999,5.602515412130001,6.1793395776499995
526,7.690833000755784,8.102610885638317,6.317376718338492,6.1459,0.48964777687600003,5.9047121489,6.40692733674
527,7.963168899345976,8.429803662738255,6.543053254670884,6.3708,0.35337936348300003,6.47400368151,6.6553767275
528,8.27650446420293,8.783681112858106,6.832047507788865,6.6163,0.291381040114,6.903631687110001,6.9539820822600005
529,8.523876543028686,8.967706652982026,7.1894822062773995,6.9114,0.27495520111,7.26784566488,7.104151096669999
530,8.859104539776347,9.150349999761014,7.2562266254582815,7.0598,0.279264702866,7.806020404419999,7.2851469917
531,9.111044265620574,9.283046534286587,7.457638750319243,7.2387,0.326025418596,8.3006649969,7.255866623180001
532,8.966993292837039,9.316929420409732,7.265660041348781,7.2097,0.537784417355,8.60305522385,7.338175711860001
533,9.249433921164815,9.600756703637977,7.433213916594764,7.2911,0.932237646754,9.14772500064,7.58663591401
534,9.668232102597223,10.3995629951633,7.802010027968196,7.5366,1.0399960054000001,10.2641856733,7.945427828169999
535,10.876548205021978,10.670611725591684,8.24172088856116,7.8912,1.0066924237700001,10.2864801842,8.560172994810001
536,10.297295209358248,9.934847591836597,8.955157227624408,8.4987,0.9164367617899999,8.9187070617,7.9367413640899995
537,9.840625639108605,9.211436859897496,7.276281725828654,7.8826,0.814613140312,7.499082788069999,7.74073084853
538,8.078169401909712,9.357318899028765,7.453643426684989,7.6889,0.723647228091,8.10144628977,8.39092783561
539,7.843288389691813,6.31619433752793,8.412964801063934,8.3314,0.652265918394,5.83609776097,7.162780475960001
540,5.6819839456599475,5.143667656319174,6.0863712867645505,7.1177,0.611042927589,4.730154528430001,6.57768628574
541,4.311951315198921,4.437393763351827,5.855726310344821,6.5395,0.570690854809,4.06099719555,6.28058718096
542,3.7987600272666047,4.161550189439837,5.872621316928305,6.2459,0.577542027395,3.51397579497,5.920164564909999
543,3.319853284297877,3.7547287430337346,5.5894682648047995,5.8897,0.632055557403,3.5698959034,5.758454273790001
544,3.4718994712311795,3.833947905078503,5.6364998756231,5.7299,0.746623103091,4.04817970215,5.5874332441100005
545,4.124712883640559,5.3558282756019,5.503856278384614,5.5609,0.850629751044,5.8328022612199995,6.559158192409999
546,6.71890568055341,4.978357571356472,6.595455541837875,6.5212,0.869035115254,5.239375858530001,5.547251763969999
547,5.743226694234778,5.638599958099999,4.570477120393452,5.5212,0.810728631634,5.6150619945899995,5.53049704489
548,6.0378274065822,6.323498280112375,5.093736106750187,5.5047,0.737374203595,5.72924755456,5.96827809398
549,6.842445955676613,6.952952206157374,5.928915299901041,5.9373,0.6181530388009999,6.1793395776499995,6.21342987258
550,7.469214288932094,7.636990875293659,6.293660908800956,6.1796,0.490391737546,6.40692733674,6.56476904206
551,7.802303737663678,8.117019649253038,6.764103745505242,6.5268,0.35392156415799997,6.6553767275,6.860917300240001
552,8.174430695485324,8.565011073444415,7.085851342484885,6.8194,0.292016779012,6.9539820822600005,6.99837334756
553,8.93848629670494,9.127047805119583,7.1273876095832565,6.9553,0.275641908008,7.104151096669999,7.24732446572
554,9.27049432192197,9.4351823457562,7.4516489307339535,7.2013,0.280243203316,7.2851469917,7.45552038918
555,9.439347089038643,9.559273593593677,7.657346357582759,7.407,0.327257655432,7.255866623180001,7.48072618207
556,9.727528314193751,9.915524139808822,7.537746073516747,7.4319,0.539324819676,7.338175711860001,7.59135421775
557,9.7860352077603,10.149063751215781,7.711079976905636,7.5413,0.9338942976919999,7.58663591401,7.799965534510001
558,10.07515821538747,10.912955115771808,7.99858311221035,7.7474,1.04206942531,7.945427828169999,8.17329842415
559,11.416582259766976,11.099264714769753,8.46970488640707,8.1164,1.00858583153,8.560172994810001,8.6378697094
560,11.324631935926254,10.831193292955268,8.999045722866208,8.5755,0.91788449517,7.9367413640899995,8.15303022775
561,10.078414502598577,9.583320625097622,7.631001467048492,8.0963,0.8154664570810001,7.74073084853,7.886746497819999
562,8.418247864244737,9.668973592415824,7.60997657958593,7.8332,0.724216017517,8.39092783561,8.86214309714
563,9.06329481174161,7.424071616318425,8.74331074690935,8.7971,0.652749675751,7.162780475960001,7.83247282479
564,7.302042798964795,6.423416675498338,6.798038100522096,7.7796,0.6115422612770001,6.57768628574,7.544950264410001
565,6.762083058860048,6.324919376572596,6.9701094123862815,7.4954,0.571164641529,6.28058718096,7.39136772928
566,6.5099816024005115,6.402067369750793,7.076107612488281,7.3436,0.577979614647,5.920164564909999,7.226156485619999
567,6.306452313386225,6.499492076958859,7.01363257865631,7.1804,0.632661630098,5.758454273790001,7.2493456409100006
568,6.105262155851348,6.572672561841088,7.231379760422513,7.2033,0.747400070159,5.5874332441100005,7.129359970710001
569,5.566127859363078,7.4792061850358955,7.041939539992499,7.0847,0.851710769362,6.559158192409999,8.014705004369999
570,7.3720945815841095,6.358116182721372,8.097001233996917,7.9596,0.869844248862,5.547251763969999,6.97825933531
571,5.854681185195691,6.327052432147665,5.998054623031776,6.9354,0.8114168016050001,5.53049704489,6.65507004207
572,5.815822829822858,6.539581638381557,6.11360201020171,6.6160000000000005,0.737873634073,5.96827809398,6.381652745669999
573,6.251515447863297,6.750389681800073,6.021219170424669,6.3458,0.6182931075460001,6.21342987258,6.30936977918
574,6.5939230254394445,7.031442893057677,6.186152344884281,6.2744,0.490391411047,6.56476904206,6.352602785909999
575,7.170905185348594,7.511163497636262,6.381220556210404,6.3171,0.35378595717,6.860917300240001,6.45338788678
576,7.562573079949798,7.991804772478445,6.55759825217377,6.4167,0.29156254836,6.99837334756,6.40666535338
577,7.83817757074113,8.21248443916978,6.403178753460461,6.3705,0.27513338305199997,7.24732446572,6.480432357590001
578,8.020818004910186,8.350362860781328,6.570501422889341,6.4434,0.279331336195,7.45552038918,6.56985532287
579,8.493926987631792,8.58830335444139,6.690351332611004,6.5318,0.326325547594,7.48072618207,6.798621789249999
580,8.517111765423605,8.730849306472441,7.010345666412966,6.7579,0.538532542652,7.59135421775,6.977032812869999
581,8.817750287393753,9.103081117745925,7.170206306319505,6.9342,0.9334653393979999,7.799965534510001,7.37760921822
582,9.152910773280995,9.959027463555646,7.6778962176278736,7.33,1.0414746264799999,8.17329842415,8.53463202776
583,10.106161707230484,9.910898030041679,8.837196600732659,8.4734,1.0082015127200001,8.6378697094,8.21929795254
584,9.219122058165397,9.048764366067399,7.764886852366486,8.1618,0.9178361446789999,8.15303022775,7.649035348410001
585,8.767431465070125,8.103933685084506,7.049593960215703,7.5983,0.815816653078,7.886746497819999,6.475195347560001
586,7.141595176233485,8.262537594124048,5.5036899570464906,6.4382,0.72450481484,8.86214309714,6.44090352048
587,6.686327585203178,5.637049466591755,6.033462249347626,6.4044,0.653056356818,7.83247282479,4.56912162503
588,3.896685950216979,3.8173164180840304,3.308899693098364,4.5546,0.612064546216,7.544950264410001,3.84226155014
589,2.747279274206365,2.8451559674397555,3.0268672582640233,3.8363,0.571551358491,7.39136772928,3.71509006995
590,2.3347389663249105,2.4649508391846258,3.3621828978710075,3.7106,0.5782999119219999,7.226156485619999,4.12361386067
591,2.3317042206513974,2.454794921295522,4.137185658947798,4.1143,0.632959211484,7.2493456409100006,5.05301597232
592,2.133608923509088,2.42278869600807,5.28983901214804,5.0328,0.747853534337,7.129359970710001,5.39633448013
593,2.48558779773655,3.958609700723224,5.614432225588052,5.3721,0.852025560661,8.014705004369999,6.722649590590001
594,4.527621982721025,3.147088708365579,6.857701488746701,6.6828,0.870556946305,6.97825933531,6.131559094219999
595,4.288310430673687,3.9756391170955037,5.411437190624077,6.0987,0.811987125359,6.65507004207,6.1451109981
596,4.65237555388871,4.726034153413218,5.862294106157682,6.112,0.7383644327969999,6.381652745669999,6.703520855780001
597,5.108502901696559,5.275596514407043,6.767567093461598,6.6639,0.6185932939509999,6.30936977918,7.286728930639999
598,5.968054145833442,6.034954254198913,7.58276522759125,7.2402,0.490763165003,6.352602785909999,7.766595660189999
599,6.585377742164148,6.668796541674484,8.104362095483838,7.7145,0.353979594197,6.45338788678,8.145488425469999
600,7.074075217755484,7.301083492101357,8.451587290372883,8.0889,0.297806597962,6.40666535338,8.62739073893
601,7.586839287031703,7.759723538003076,8.982920181842395,8.5651,0.2797724239,6.480432357590001,8.83024108778
602,8.013853520706272,8.185901247937519,9.031483596827815,8.7656,0.284427587779,6.56985532287,9.03852527424
603,8.351534995648702,8.37969334651686,9.232731702134554,8.9714,0.336133469709,6.798621789249999,9.405128258560001
604,8.329553590643178,8.572104806222614,9.691878953251976,9.3337,0.5669688530579999,6.977032812869999,9.48523917906
605,8.391388253075128,8.771449712907257,9.585836777160837,9.4129,0.9990924937219999,7.37760921822,9.87749128387
606,8.727212137338281,9.566870319553889,10.131760568991783,9.8005,1.12112468689,8.53463202776,10.2946404998
607,9.21066832141834,9.153348402422953,10.622665500246717,10.213,1.09125647278,8.21929795254,10.0303692362
608,9.985798391790553,9.302599332829885,9.74268742805081,9.9516,0.994244560638,7.649035348410001,10.8914376738
609,8.953897194546627,8.143297842800377,10.827042709188385,10.802999999999999,0.8817915941850001,6.475195347560001,10.4080854804
610,7.0182355688663165,8.106978948788484,9.720170789483532,10.325,0.7797584920209999,6.44090352048,10.5045897012
611,6.800609905989022,5.753508932806487,10.263772863113626,10.42,0.701295988883,4.56912162503,8.8097344652
612,3.8884751475693173,3.968160022562726,7.553774758689636,8.7453,0.654167515163,3.84226155014,8.006228223010002
613,2.679289021433544,2.8786145627485116,7.10816317619924,7.9513,0.609631126943,3.71509006995,8.01738375337
614,2.177969797070208,2.3923178598291406,7.596296192810852,7.9623,0.615984468188,4.12361386067,8.48263328163
615,1.6544647048776049,1.9795910553391438,8.44719310339,8.4221,0.678848790484,5.05301597232,8.50567476203
616,1.6158219579885522,1.9985299249985207,8.410830283859749,8.4448,0.802687104726,5.39633448013,8.45352385687
617,2.1433314521452043,3.5332613341288326,8.351477247652431,8.3933,0.9227753614040001,6.722649590590001,9.16623582261
618,3.406839424605837,2.5156917206000915,9.305882204913528,9.0976,0.9493405377159999,6.131559094219999,8.877077712010001
619,3.152343425358886,2.98207158498205,8.4527090071337,8.8119,0.88718889389,6.1451109981,8.35076787677
620,3.9499090677900273,3.81739401176912,7.802032281295638,8.2917,0.801409319031,6.703520855780001,8.26323846447
621,4.865726909254398,4.767998681671654,8.082349625190076,8.2052,0.668421099019,7.286728930639999,8.47381860255
622,5.586532521354288,5.529831707009696,8.568946130127989,8.4134,0.521904076502,7.766595660189999,8.75270805341
623,6.019384036734904,6.118757144848011,8.966743993562982,8.689,0.365993026794,8.145488425469999,8.92330285334
624,6.5010250685865465,6.724567543226863,9.088556044503012,8.8575,0.298528367216,8.62739073893,9.03759878065
625,7.0886745524002475,7.228782880342836,9.16244069637626,8.9705,0.280606590885,8.83024108778,9.75114148554
626,7.580417116505437,7.693480046356651,10.036968912622914,9.6756,0.285439345656,9.03852527424,9.767872116589999
627,7.597908703308115,7.719176763285687,9.727592491868439,9.6922,0.337628243652,9.405128258560001,9.83344216591
628,7.876904991979459,8.025376943847974,9.858089957013295,9.757,0.5690454934920001,9.48523917906,10.2137589314
629,8.367656195382128,8.511751070812554,10.436621065131936,10.133,1.0018099711700001,9.87749128387,10.3262802959
630,8.7486350095606,9.353139718753262,10.43366460230531,10.244000000000002,1.12389366858,10.2946404998,11.5604464291
631,9.211855775206898,9.295382836187665,11.63541004003852,11.464,1.09390650839,10.0303692362,11.577328128
632,9.951901135432488,9.146107105093948,11.373706108572714,11.48,0.996780799279,10.8914376738,9.97262951745
633,9.003750335267675,8.088468317570493,8.734045726414648,9.8945,0.883865404102,10.4080854804,9.07542868816
634,6.722754426641933,7.841627232055085,8.153981400417145,9.0079,0.781692049424,10.5045897012,8.92587468529
635,6.098113579915584,5.289954728208798,8.478057998981551,8.8601,0.703035293337,8.8097344652,6.63978633381
636,3.7558020671262353,3.8149551891241793,5.300428336217413,6.6009,0.655524543638,8.006228223010002,5.49707393324
637,2.4771651594522424,2.677863341591667,4.4568126020292045,5.4716,0.610589097946,8.01738375337,4.7973431513
638,1.9169086405592077,2.1000711773352303,4.098010136172002,4.7801,0.6167471841650001,8.48263328163,4.40727022371
639,1.4137119176624087,1.7479172223391055,4.098418901716568,4.3947,0.6795821686560001,8.50567476203,4.53233036516
640,1.2238899755746564,1.710412115153459,4.610276755099937,4.5182,0.803458679839,8.45352385687,4.75290742057
641,1.7778676506367448,3.056431373502133,4.989715679215798,4.7362,0.9236254738680001,9.16623582261,6.57760944572
642,3.472528067666782,2.576116904398943,6.426919316712934,6.5395,0.950357776945,8.877077712010001,5.85862777286
643,3.3324344675428286,3.0913436447091907,5.043102357593169,5.8289,0.888302365263,8.35076787677,6.218621604730001
644,3.6076212062183535,3.6309461075050686,5.8816918376938325,6.1847,0.80297640073,8.26323846447,6.929122766
645,4.658193862380195,4.546584165082669,7.005359942672966,6.8868,0.6697529445889999,8.47381860255,7.575726833210001
646,5.223902138202601,5.182970559294592,7.892126036479933,7.5258,0.522919133507,8.75270805341,8.161919999610001
647,6.254786976416771,6.105342174476506,8.544792325076799,8.1051,0.36678960292499996,8.92330285334,8.73974019646
648,6.624866107749659,6.754959759259602,9.152604255913907,8.6761,0.29316729890500004,9.03759878065,9.306689955669999
649,7.14320324594972,7.286088354572282,9.734415301837211,9.2364,0.27666415155699997,9.75114148554,9.67979425585
650,7.275373667311519,7.4908791142072335,10.017970829216686,9.6051,0.281140675636,9.767872116589999,10.1737494865
651,7.800616022239496,7.832606220563669,10.546155066096446,10.093,0.32841301204100004,9.83344216591,10.4750120315
652,7.926798206135768,8.090578007409604,10.761729746672456,10.390999999999998,0.5414347338409999,10.2137589314,10.7166537429
653,7.765708282735126,8.187673737113077,10.949933113488651,10.63,0.937783231131,10.3262802959,11.048557376300002
654,8.467873124792042,9.002070907571818,11.330335395198436,10.958,1.04633311952,11.5604464291,11.4280878997
655,9.032626540667923,9.189555883638462,11.748021712775044,11.333,1.0132375106,11.577328128,12.1459249866
656,9.404589623679382,8.687572972196843,12.555527331839217,12.042,0.922504586877,9.97262951745,10.566371203200001
657,8.442996625967771,7.4881779267798505,9.485532665861479,10.481,0.820184057851,9.07542868816,8.82863443959
658,6.14864788561905,7.170659021099096,7.571352453018768,8.764,0.7287183237070001,8.92587468529,8.51460988843
659,5.566793290739787,4.836700966447134,7.759132509473794,8.4537,0.656598044499,6.63978633381,5.885211926769999
660,3.2416890257986823,3.3305828501590327,4.475591340984846,5.8552,0.615106921941,5.49707393324,4.34096360844
661,1.9991794728851024,2.2238430872666832,3.14009066620829,4.3291,0.574157879299,4.7973431513,3.5219383748300004
662,1.6476867976091423,1.6995461909490834,2.6730553278671803,3.5197,0.580774719559,4.40727022371,2.8663752217900003
663,1.330025583364252,1.5028806037674545,2.3537539683669033,2.8719,0.635247833266,4.53233036516,2.71917336766
664,1.6034844776614727,1.8546218432863588,2.660922090190979,2.7264,0.749820078254,4.75290742057,3.08323479199
665,2.4510934817875514,3.4179783173908005,3.3158517113143082,3.0862,0.854368247827,6.57760944572,4.771167043219999
666,4.516447630572817,3.4351638986101927,4.725565398204173,4.7543,0.8730349321259999,5.85862777286,4.49480607811
667,4.064451184060404,3.8132344405072516,3.9630673919095374,4.4812,0.8145638334090001,6.218621604730001,4.8056536015699995
668,4.574247986055231,4.569695070842216,4.6730000512560474,4.7884,0.740871262414,6.929122766,5.13484514644
669,5.193248521029848,5.173397522506001,5.239755750475295,5.1137,0.6209450312870001,7.575726833210001,5.841307260040001
670,5.946753689483442,5.974414511116433,6.1375678177239745,5.8118,0.492364155691,8.161919999610001,6.218279664090001
671,6.683799868279637,6.591318976559012,6.499520315492096,6.1844,0.355139561079,8.73974019646,6.780046775950001
672,7.315697221432495,7.3866608222319465,7.135216225552959,6.7395,0.292608508165,9.306689955669999,7.3355433979699995
673,7.872697305729467,7.915478878130639,7.744013790736893,7.2885,0.276374182735,9.67979425585,7.83504699342
674,8.161535425815844,8.349503926562907,8.23660901126945,7.7821,0.280959202048,10.1737494865,8.3349260608
675,8.65305303397057,8.647894346977715,8.73482336786665,8.2761,0.32850312991,10.4750120315,8.50957944484
676,8.813579574921265,8.907517638632461,8.693795621319696,8.4487,0.5417877396280001,10.7166537429,8.74238289567
677,9.088655280201875,9.397295355720548,8.951560356582569,8.6788,0.938866870893,11.048557376300002,9.190421934360002
678,9.470749922519506,9.998585420726705,9.511936539247701,9.1215,1.04750967086,11.4280878997,10.1659364252
679,10.990904102273024,10.81084728076582,10.554916637150253,10.086,1.01407981356,12.1459249866,10.294569279700001
680,10.491090220616513,9.962538062748107,10.352954960332763,10.213,0.922891971772,10.566371203200001,9.037223913310001
681,9.007849842258064,8.343346681902773,7.959977680068567,8.9701,0.820088369667,8.82863443959,7.199625759380001
682,7.422783564396607,8.222990743328188,5.967078571384711,7.1542,0.728286641041,8.51460988843,6.376641151089999
683,7.173743149266125,6.273110105247117,5.521442883748731,6.3409,0.656167475986,5.885211926769999,4.1021027661
684,4.093301386043139,4.478626473067751,2.8611784622722523,4.0931,0.6146585153090001,4.34096360844,2.9481522041100003
685,2.4219806776573627,3.0782578264262623,2.0432892439050017,2.9527,0.573834989987,3.5219383748300004,2.20709475449
686,1.9869623155825986,2.274095732687707,1.6933655878829028,2.2204,0.58081349854,2.8663752217900003,1.7307663370500002
687,1.6570885358676395,1.9916597628146215,1.6201119540351514,1.7496,0.635729191236,2.71917336766,1.56762109245
688,1.6200166657219206,2.1134724175406996,1.781640582577584,1.5884,0.750948504684,3.08323479199,2.00088116057
689,2.193272082988072,3.393530037313004,2.405423811765383,2.0166,0.855383043893,4.771167043219999,3.23546927638
690,4.0629588450587155,3.183066575325854,3.5491476295553364,3.2366,0.873891490821,4.49480607811,3.1939907661199998
691,3.7392673297622165,3.579299719469966,3.031273205016524,3.1957,0.8150638395190001,4.8056536015699995,3.96412541241
692,4.162724726078199,4.169728707884158,4.026647877086783,3.9567,0.741764481935,5.13484514644,4.554518949709999
693,4.894083763294704,4.862233642145999,4.868832099034516,4.5402,0.621521562522,5.841307260040001,5.14434360682
694,5.515825500505015,5.564121899065967,5.527465146198144,5.1231,0.49273179809900003,6.218279664090001,5.740019692940001
695,5.923903793509266,6.004162217215577,6.162503759034226,5.7117,0.355346243305,6.780046775950001,6.357929415619999
696,6.241807232349993,6.497611215599749,6.806697205145407,6.3224,0.292936789126,7.3355433979699995,6.80990965628
697,6.566531737821968,6.784550039305861,7.201341637233071,6.769,0.276244519802,7.83504699342,7.17907354734
698,6.84094346633354,7.137334584429061,7.509813358258461,7.1338,0.280768088736,8.3349260608,7.60576760845
699,7.025147736060479,7.182144930539613,7.955558297091378,7.5555,0.328327085009,8.50957944484,7.87914828099
700,7.289613275020539,7.4229093972612805,8.146589506738549,7.8257,0.542077972801,8.74238289567,8.03619613723
701,7.887143821930743,8.016034907924894,8.208295797176227,7.9809,0.9394183866600001,9.190421934360002,8.346065302589999
702,8.704556533198677,9.053298312891354,8.60201614586359,8.2871,1.0481648875,10.1659364252,9.22742129599
703,10.506734639787595,9.862013191801543,9.578999236183089,9.1581,1.0145648688,10.294569279700001,8.72919956204
704,9.8780826409202,9.208793430441279,8.143437383190452,8.6657,0.92320774434,9.037223913310001,7.63830521638
705,8.753727272118677,7.945484044846964,6.669225648331662,7.5877,0.820042195843,7.199625759380001,6.013365322159999
706,7.0564756822211026,7.718083546988565,4.864899061566595,5.9819,0.727908179217,6.376641151089999,5.32501397605
707,6.883037419336491,5.798824102716051,4.6083006051321656,5.3016,0.655950146536,4.1021027661,3.24754337859
708,4.0793582158893695,4.3114737627115,2.067560379239485,3.2486,0.614655069515,2.9481522041100003,2.11631497714
709,2.6735632916739616,3.2196469079873684,1.2651714821219278,2.1307,0.5740614701650001,2.20709475449,1.36026162069
710,2.143972213518821,2.4214726537749716,0.8843362812909696,1.3835,0.580829999601,1.7307663370500002,0.8848480619689999
711,1.495478417419541,1.9600353535252748,0.8032651651436263,0.9136799999999999,0.635815772128,1.56762109245,0.9561254862090001
712,1.4470248183292256,2.0431587002443368,1.248843169340802,0.9841200000000001,0.7515559146490001,2.00088116057,1.22868107192
713,1.9165247578886206,3.2067742569618303,1.6380647987057375,1.2535,0.856485776445,3.23546927638,2.59402573746
714,3.889431671469998,3.052505759961069,2.807071497340225,2.6027,0.874590373384,3.1939907661199998,2.6748556393
715,3.5097031666568936,3.3989791409400003,2.5979830920177354,2.6826,0.8156957478319999,3.96412541241,3.46786945167
716,4.047518080255697,4.019287098686997,3.5826600045343913,3.4663,0.741561976508,4.554518949709999,3.94271100399
717,4.813316402944114,4.722485979283688,4.222054498598233,3.9356,0.6216269001879999,5.14434360682,4.8602089067500005
718,5.477273819171012,5.4335386208455505,5.226067217300546,4.8423,0.49293760917400004,5.740019692940001,5.55213277615
719,6.296817220738399,6.151096145721649,6.031682377693958,5.526,0.355303279187,6.357929415619999,5.96629215834
720,7.141138211580384,7.019562569875786,6.324448916661516,5.9353,0.292800271648,6.80990965628,6.40678093924
721,7.451416987360319,7.498783877223927,6.759061303464461,6.3706,0.276148962177,7.17907354734,6.89265003628
722,7.58822345040699,7.852179916224896,7.2744097996425765,6.8508,0.280466052072,7.60576760845,7.28854054875
723,8.023233090760925,8.120346247442935,7.637117750010559,7.242000000000001,0.32800288369,7.87914828099,7.5459325681500005
724,8.38636407043521,8.490637313850756,7.798963253774897,7.4964,0.541890832579,8.03619613723,7.818566668810001
725,8.416635893737718,8.799070040511452,8.070473825647078,7.7658,0.940061687885,8.346065302589999,8.06574152543
726,8.5830348977467,9.451495935204576,8.30565542172101,8.0101,1.04902785346,9.22742129599,8.94763517497
727,9.417147303765384,9.257135362130345,9.275157297345608,8.8816,1.01520045077,8.72919956204,8.598630645650001
728,8.413876553688752,8.235098184533493,8.141753134361691,8.5367,0.9237655893060001,7.63830521638,7.654491729439999
729,7.9812247575479685,7.093983811644133,6.7754800636168895,7.6037,0.820565071269,6.013365322159999,6.14545495023
730,6.45373961018897,6.9292352488852975,5.039264142347695,6.1124,0.728551056459,5.32501397605,5.744009956729999
731,5.729565249715243,4.734865950640067,5.1620936468014005,5.7157,0.656311990843,3.24754337859,3.8097288984900004
732,3.689079882943952,3.6726559163045076,2.615423251422067,3.8041,0.614935848837,2.11631497714,2.28398968907
733,2.609171774152318,2.879913138000392,1.2342991158854009,2.2964,0.574480361487,1.36026162069,1.47902994461
734,2.156991884240113,2.245523781898833,0.8231314732338958,1.5009,0.581240462733,0.8848480619689999,0.9277801531569999
735,1.8685276735140572,2.1082165834807665,0.6662783220227724,0.95611,0.636334897231,0.9561254862090001,0.9560381027529999
736,2.1308834867745015,2.474874327222917,1.1257887467536072,0.98403,0.752049096929,1.22868107192,1.26869481005
737,2.6404348400869972,3.823656894506203,1.6275961902941267,1.2930000000000001,0.8570442608650001,2.59402573746,2.61031990653
738,4.328815708043524,3.586786952096587,2.822036790445454,2.6189,0.8758247124899999,2.6748556393,2.4495112779799997
739,3.632982719258548,3.7676303987229423,2.1183048284156536,2.4599,0.8169993870350001,3.46786945167,2.62900855505
740,4.273051205328215,4.314753560038502,2.5914259398065163,2.6373,0.743085313345,3.94271100399,3.38770934657
741,4.710734002822799,4.783993028947543,3.592944364197537,3.3871,0.622415416547,4.8602089067500005,4.432904032530001
742,5.346172001001036,5.424039536370306,4.836675042437384,4.42,0.49339129099,5.55213277615,5.029427457780001
743,6.071508600414965,6.041065243057484,5.481293653296944,5.0095,0.355544284753,5.96629215834,5.31423817312
744,6.743898039626208,6.666216519689382,5.566067609547224,5.291,0.29308399369000004,6.40678093924,5.921967009219999
745,7.447344054030596,7.326164002380556,6.273598829206421,5.8915,0.27660227074099997,6.89265003628,6.2186123457
746,8.124617956407647,8.079894089633642,6.483872155037057,6.1847,0.281128622065,7.28854054875,6.203801781880001
747,8.77732460730314,8.63552297705667,6.199019881530622,6.17,0.32875378593000004,7.5459325681500005,6.4076306943
748,9.435752339363656,9.24183026842723,6.557044815597541,6.3715,0.5432451572029999,7.818566668810001,6.52769690214
749,9.513845274535331,9.719451971270182,6.661738991249677,6.4901,0.941918593819,8.06574152543,6.677771519279999
750,10.26093708920465,10.804019373290366,6.833257766136216,6.6384,1.0510317647,8.94763517497,7.0742685857600005
751,11.72629105095118,11.04547521781543,7.360996711335003,7.0303,1.01749063592,8.598630645650001,6.73264749768
752,10.79922886822813,10.517293532319925,6.372601848999796,6.6927,0.926115738574,7.654491729439999,6.57469951559
753,10.689765209732498,9.584000001927524,6.414037174567908,6.5366,0.822945031128,6.14545495023,6.242713981610001
754,10.680862409033008,10.26756299520945,5.980807456010362,6.2085,0.7306713405069999,5.744009956729999,5.569160119149999
755,12.034750963741699,9.802748864188851,5.012488916193932,5.5429,0.658353761766,3.8097288984900004,4.34687797018
756,9.58650875234579,9.115837606867345,3.433145267536539,4.335,0.616427674692,2.28398968907,2.7888264476599995
757,7.999981276821682,8.376965977377417,1.7618403266798586,2.7953,0.5750749891420001,1.47902994461,1.9017558499
758,8.163634440091506,8.131638079025391,1.2328583618356144,1.9186,0.5818865444899999,0.9277801531569999,1.33654252891
759,8.404991824225245,8.414304709191297,1.0590128102274694,1.3601,0.636956060985,0.9560381027529999,1.25238753458
760,8.157528780651155,8.650591606030563,1.3938686907308324,1.2769,0.7524982545350001,1.26869481005,1.66452600009
761,7.823685275997424,9.52634323679905,2.019618841845211,1.6842,0.857941118408,2.61031990653,3.29019139006
762,10.826805623157128,9.845973824822359,3.3623037427315645,3.2907,0.8772330945899999,2.4495112779799997,3.07338738917
763,9.081365794882398,9.681455952751824,2.638746259315158,3.0765,0.81782166486,2.62900855505,3.50944883953
764,8.878965665728922,9.576988104565567,3.444079826796139,3.5074,0.7439119447499999,3.38770934657,4.304070261830001
765,10.046772521677855,10.223149196696939,4.538648389737887,4.2927,0.623207195097,4.432904032530001,5.00441461869
766,10.4571417369466,10.716681572070456,5.418057233210698,4.9848,0.493877636276,5.029427457780001,5.67185644924
767,11.613706528398403,11.564966142696932,6.1261675794496915,5.6444,0.355984427814,5.31423817312,6.45254442575
768,11.965434913935837,12.078777394153933,6.945116884598759,6.4159,0.299535904007,5.921967009219999,7.227795814360001
769,12.608191176243757,12.688140964139622,7.756372928556857,7.182,0.281427878402,6.2186123457,7.5987252278
770,12.785445251876263,13.101810625072776,7.9492703924854835,7.5486,0.286401361064,6.203801781880001,8.03699695098
771,12.965352542548242,13.316050345564772,8.386227941414234,7.9817,0.339100350737,6.4076306943,8.24431793063
772,13.1464716237938,13.3918836433145,8.459204345042938,8.1866,0.572398892972,6.52769690214,8.474867144700001
773,13.125592008296314,13.710750786661942,8.691739959281305,8.4144,1.00878423324,6.677771519279999,8.97707171123
774,13.286292152720494,14.331287497107052,9.313694273743254,8.9107,1.1320967364799999,7.0742685857600005,10.0565085377
775,14.586542235528052,14.1492047538873,10.434929740593972,9.9774,1.10205965327,6.73264749768,10.2422777728
776,12.850016831216008,13.240574028717674,10.345492236173047,10.161,1.0044175606,6.57469951559,8.6719206563
777,12.497224334502109,12.042240296948457,7.4805521731872116,8.6091,0.890433583071,6.242713981610001,6.86458423883
778,12.192675068788539,12.252890287497976,5.619904481619452,6.8231,0.78688464879,5.569160119149999,6.289195676399999
779,11.9222431132604,10.411326468208998,5.491257126330011,6.2544,0.707377045456,4.34687797018,3.8488573653600002
780,7.949779086044359,8.521000661364496,2.533817670772767,3.8428,0.659516716503,2.7888264476599995,3.05878595075
781,6.381850828804662,7.417599658528911,2.2046055187966505,3.062,0.614340384237,1.9017558499,2.2734974889200004
782,7.044760438906732,7.1060446930565995,1.6835940956451947,2.286,0.620756254873,1.33654252891,1.9020620397699999
783,5.476344058697368,6.184844525550215,1.731093042617482,1.9189,0.6841329980699999,1.25238753458,1.94361466803
784,5.096026763443357,5.946294073991165,2.118246519325436,1.96,0.808908857992,1.66452600009,2.2367522486099998
785,5.790087130253473,7.441621752079544,2.570730171532798,2.2497,0.930115377771,3.29019139006,3.46004574794
786,8.757027994260813,7.378003328071259,3.7199793251405397,3.4586,0.9570230243790001,3.07338738917,2.75962742125
787,7.295500880037035,7.663436161425183,2.0272231498983584,2.7664,0.894426001567,3.50944883953,2.9405714729900003
788,7.4392999305502645,7.9984927124451755,2.698691820219207,2.9452,0.808225860335,4.304070261830001,3.52814394273
789,8.579694006146417,8.5754246843521,3.6337366665382653,3.5259,0.673753724883,5.00441461869,3.9844489792699997
790,8.991904370641155,9.255261997250262,4.244231724836696,3.9768,0.5258181860610001,5.67185644924,4.5152989109099995
791,10.018287122002283,9.901726865819274,4.855940206681146,4.5014,0.368387690037,6.45254442575,5.160620198819999
792,10.039735737738942,10.305460524386277,5.579509656224206,5.1391,0.300789380677,7.227795814360001,5.86732545896
793,10.3913106334914,10.593307323205206,6.341911523613417,5.8375,0.282877011838,7.5987252278,6.50533462895
794,10.925691868305874,11.114549505603845,6.988662650337338,6.468,0.287768705218,8.03699695098,6.969750439099999
795,11.271559362080325,11.460880399511503,7.376481341016942,6.9270000000000005,0.340785393557,8.24431793063,7.377785617839999
796,11.424371737345036,11.57999751212267,7.7354149422553915,7.3302,0.689076401571,8.474867144700001,7.7341232447
797,11.90523616833013,12.170880177967053,8.056709564768951,7.6824,1.6933054557299998,8.97707171123,8.19634259984
798,12.31992829410027,13.139959920782088,8.559662917824651,8.1391,1.7892086161099998,10.0565085377,9.40562192651
799,14.133499169212888,13.140302928519086,9.729328755555345,9.3342,1.9167801908099997,10.2422777728,9.007125431339999
800,13.273638570841433,13.162478684913513,8.487872532955704,8.9404,1.5531945851,8.6719206563,8.08846459183
801,12.158525550043462,11.907495103261619,7.207432513225624,8.0325,0.890576634259,6.86458423883,6.981808688010001
802,11.127227886066096,11.483807715870412,6.050729036240599,6.9389,0.787533484315,6.289195676399999,7.306720252969999
803,10.467963175373015,9.077287838693834,6.837028534472585,7.26,0.70803564952,3.8488573653600002,5.672800887919999
804,6.603003671813486,7.310233850222212,4.4062331401520485,5.6453,0.6601481477319999,3.05878595075,4.65570315339
805,5.3266446017587095,6.454104227592014,3.651812192584704,4.6402,0.614942676727,2.2734974889200004,3.66652359486
806,5.650145017177377,5.60564333299645,2.7881747776448407,3.6626,0.621235618629,1.9020620397699999,2.8510657462999998
807,6.3285376912939,6.120752513482687,2.203316434728071,2.8568,0.684601609744,1.94361466803,2.5326001224200003
808,6.93064292130466,6.891395201578095,2.323356326680082,2.542,0.8096728890739999,2.2367522486099998,2.76349138097
809,7.514665169352794,8.868220110404929,2.9133126999976864,2.7702,0.931250290311,3.46004574794,4.06469372229
810,9.514978075156368,8.276508655642772,4.140747087809605,4.0561,0.958500908142,2.75962742125,3.67465829499
811,7.8148658310087225,8.44023171125947,3.0887793368538703,3.6707,0.895620897162,2.9405714729900003,3.96739966861
812,7.8802125731565,8.697518994727012,3.812491419322221,3.96,0.8091835229800001,3.52814394273,4.656955537219999
813,8.437233556597864,8.779692737809691,4.825094952887528,4.6414,0.6747026552150001,3.9844489792699997,5.2779921781
814,9.061914649901798,9.471005594606707,5.633765510519386,5.2551,0.526410119839,4.5152989109099995,5.915689165
815,9.49092476407898,9.598378184109578,6.334766248056211,5.8853,0.368681470988,5.160620198819999,6.53467359382
816,9.899621542928836,10.14987357929922,6.98189818023813,6.497000000000001,0.294548807594,5.86732545896,6.949433802480001
817,9.77453283394081,10.201376711335747,7.31461384749058,6.9069,0.278065983615,6.50533462895,7.450910174089999
818,9.742647460203369,10.270905087823039,7.834299284654207,7.4025,0.282634794137,6.969750439099999,7.95566752349
819,9.852056421923466,10.298568850382393,8.357632129883736,7.9013,0.330640548616,7.377785617839999,8.28822549108
820,9.64113405141067,10.148629189075509,8.600277278458965,8.2299,0.545827836055,7.7341232447,8.55638862352
821,9.65755994735359,10.236134971284315,8.812358936630416,8.4949,0.945988349921,8.19634259984,8.90579050364
822,10.113516035723688,11.156427136346142,9.20195029498482,8.8402,1.0555981322799999,9.40562192651,9.18975902055
823,10.986002567983622,10.397297470367478,9.459190858309166,9.1209,1.02206912427,9.007125431339999,9.4545491321
824,10.19589731546897,10.13388103906621,9.70571365373251,9.3825,0.9303763465200001,8.08846459183,8.57826137419
825,9.683815855701672,9.261858912536724,7.752753694114844,8.5166,0.826659488144,6.981808688010001,7.281815954410001
826,9.837890417335249,9.463152931121865,6.26439623841737,7.2354,0.733833660723,7.306720252969999,6.9159389626
827,11.128680605335486,8.35027314567119,6.408761555021582,6.8738,0.6612960013970001,5.672800887919999,4.42715499183
828,9.502204714343346,8.574885165205547,3.097089907619089,4.4143,0.619474946762,4.65570315339,3.19298914071
829,8.363472791639568,8.660417607141426,2.164662024785024,3.1947,0.577836326442,3.66652359486,2.50813455217
830,8.548756191397189,8.392778561654932,1.8671478301454996,2.5179,0.584730419668,2.8510657462999998,2.13013792326
831,8.535795494824361,8.522090443641387,1.9002778749165254,2.1443,0.640129333108,2.5326001224200003,2.1975124278
832,8.659266804894145,8.918314602693275,2.334593718703523,2.2109,0.756120732683,2.76349138097,2.48581036935
833,8.561084354879757,10.321421867547482,2.7936321956087142,2.4958,0.861608040445,4.06469372229,3.73116296251
834,10.200176562644781,9.326624169033588,3.96673937650026,3.7265,0.880150911912,3.67465829499,3.2974750100300003
835,8.608033024741166,9.403962263609142,2.731438080475971,3.2979,0.820996283453,3.96739966861,3.59544864765
836,8.114303114837305,9.27645438172629,3.4620368862620206,3.5924,0.746343596867,4.656955537219999,3.8875968683800006
837,8.782628699510346,9.359271341029483,3.982809348021518,3.8811,0.624486718692,5.2779921781,4.17484311863
838,8.789503953829517,9.501381077432132,4.34967221129277,4.165,0.494557288606,5.915689165,4.57151661178
839,8.878456804820647,9.383747927543201,4.842245220140358,4.5569999999999995,0.356205039603,6.53467359382,4.8920374091
840,9.339815697441182,9.638871739590297,5.1598922695451535,4.8737,0.293480714711,6.949433802480001,5.69682531019
841,9.371767704879762,9.770431786772363,6.06223454299405,5.669,0.277032137176,7.450910174089999,6.107464211159999
842,9.479194246898782,9.931642419301703,6.444870176332069,6.0748,0.28191688439199997,7.95566752349,6.61071112582
843,9.482672832851646,9.899187113358071,6.973507983334615,6.5722,0.329994886032,8.28822549108,7.18020629143
844,9.677308959192338,10.03198673237554,7.5936850414464905,7.135,0.545645134196,8.55638862352,7.43244791641
845,9.825569305435776,10.291927292684562,7.677074784711937,7.3842,0.946780063134,8.90579050364,7.6878328081800005
846,10.208765107242726,11.160893557464611,7.91805946729211,7.6366,1.05657256013,9.18975902055,8.73019866155
847,10.748110871235944,10.353409714351447,8.999899262526057,8.6667,1.02305624517,9.4545491321,8.85845057106
848,10.868908145497201,10.476944164570227,8.872969596766461,8.7935,0.931446743731,8.57826137419,7.606297500499999
849,10.345295635452317,9.919179476162537,6.518821576585135,7.556,0.827621685917,7.281815954410001,6.153996600809999
850,9.040562124583328,9.416621734063865,5.035721779101412,6.1208,0.735037167603,6.9159389626,5.2854173551
851,9.73131752476118,7.602436214439678,4.47050428606846,5.2625,0.662592163331,4.42715499183,3.1078068562
852,6.912666489544657,6.594941862622602,1.8962022988484122,3.1105,0.620749501746,3.19298914071,1.63612549831
853,5.5354992134537495,6.258067120613835,0.639543593717109,1.6561,0.57924840172,2.50813455217,0.9447701849529999
854,5.426190947225475,5.6239446856380875,0.3997575600214308,0.9729,0.585815884506,2.13013792326,0.687629720207
855,5.167546843812461,5.392030628932335,0.6307439935178283,0.71878,0.641095518878,2.1975124278,0.695515936112
856,5.754609548318541,5.793064181656239,0.9477141868767736,0.72658,0.756983329362,2.48581036935,0.763904966276
857,6.1638982071947295,7.511989689341441,1.0595532174590432,0.7941600000000001,0.862420231225,3.73116296251,1.6240008438299998
858,8.745682749963528,7.235353037232076,1.9708712158852395,1.6441,0.8812014618780001,3.2974750100300003,1.43351499191
859,7.652330516581758,7.784922913159696,1.1782343696564146,1.4559,0.8220657006559999,3.59544864765,1.9360248801599997
860,7.938377959807516,8.510961188006315,1.9996919725702227,1.9525,0.747653752177,3.8875968683800006,2.28813283276
861,8.520381723972097,8.779593430530397,2.496698146109081,2.3005,0.626143349698,4.17484311863,2.6501120524400004
862,9.551450647263302,9.65146084141628,2.907095194408866,2.6582,0.496140156615,4.57151661178,3.2623107549
863,9.80867978789987,10.005129838935416,3.6299134038925223,3.2632,0.35762872505800003,4.8920374091,3.5824389897000004
864,9.890699197194596,10.160722563918368,3.8638261019562443,3.5795,0.29514677431499997,5.69682531019,4.06132968353
865,10.272504903835479,10.52699517574575,4.4014969483760265,4.0528,0.278670414265,6.107464211159999,4.343067617119999
866,11.000707984472186,11.075639830201164,4.60563272157191,4.3312,0.283234297041,6.61071112582,4.56471841871
867,11.221320567820786,11.403543194380548,4.777293088007809,4.5503,0.331253213048,7.18020629143,4.75133892886
868,11.312685049326323,11.605044922103655,4.941297991984245,4.7347,0.5473863134179999,7.43244791641,5.27217576386
869,11.45955026631477,11.929401133505522,5.5982981241710545,5.2494,0.94931651204,7.6878328081800005,5.905242717999999
870,11.458433079243113,12.509695210860084,6.330612134442801,5.875,1.079345853,8.73019866155,7.320437590569999
871,11.791075292534346,11.803887197451964,7.634882499035144,7.2735,1.03155516624,8.85845057106,7.36551922983
872,12.859902502304896,12.126408899013384,7.263502659789245,7.3181,1.10450856228,7.606297500499999,6.707286075580001
873,11.210444757483847,11.039506878441648,6.0059788785996036,6.6676,1.03692567065,6.153996600809999,5.9021768329699995
874,9.507419250138053,10.440601299430504,5.175395092883846,5.872000000000001,0.736804090238,5.2854173551,5.28427249466
875,10.481524742989016,8.408589392125707,4.760675418735149,5.2613,0.6638056022959999,3.1078068562,3.23076434884
876,7.906919732564082,7.466695644824155,2.0147923494795688,3.2319999999999998,0.621427601736,1.63612549831,1.9924301317500002
877,6.822656397600804,7.3183252365359195,1.0435883067836182,2.0082,0.579689505719,0.9447701849529999,0.9660419978139999
878,6.8244563363462625,6.91936874534987,0.24830665913471572,0.99392,0.586139499519,0.687629720207,0.735968823412
879,6.482383340753797,6.802391324585904,0.5558289768343837,0.76655,0.64157259484,0.695515936112,0.743682341435
880,6.748576730264077,6.93430548266438,0.906212218973044,0.77418,0.757933770714,0.763904966276,0.8230946968080001
881,7.393161240489236,8.771141897975486,1.0750480249724015,0.8526600000000001,0.8636935986700002,1.6240008438299998,1.2700264909299999
882,10.285821730817602,8.610684548115788,1.6430553437109756,1.2943,0.882437254969,1.43351499191,1.2271916398799998
883,9.135774583934035,9.206868042598646,1.236481345556093,1.252,0.823154898323,1.9360248801599997,1.4005157796399998
884,9.250002221147811,9.830443619318148,1.5457747198844385,1.4233,0.748307843281,2.28813283276,1.9174788064400001
885,10.223782293061058,10.477972921117036,2.230701803839823,1.9342,0.6267874147420001,2.6501120524400004,2.43886255314
886,11.329652006461941,11.263479204942003,2.8299076803556877,2.4494,0.496458793208,3.2623107549,3.0099447197900004
887,11.710630635222994,11.794145274634626,3.4336616636331465,3.0138,0.357485932623,3.5824389897000004,3.5975450984900004
888,12.569871129664774,12.510902614868536,4.041079475345872,3.5945,0.29433669686299996,4.06132968353,4.45028161582
889,13.080427582768072,13.16052986128618,4.932350137436638,4.4372,0.277714475432,4.343067617119999,4.85872980661
890,14.045326607686974,13.896470990574159,5.22683898923483,4.8408,0.282374321489,4.56471841871,5.350038926580001
891,14.369863458553933,14.407877921937185,5.721729367149598,5.3263,0.330713967377,4.75133892886,5.8674611493099995
892,14.935422511507323,14.987558558963192,6.269088728854878,5.8377,0.547131688277,5.27217576386,6.30788710694
893,14.746205040458433,15.220487268282822,6.684428795096334,6.2729,0.9497358024629999,5.905242717999999,6.99170548389
894,15.524796180491714,16.238302416241126,7.4241601726248145,6.9487,1.06011263081,7.320437590569999,8.07887509517
895,17.383327338113062,16.90450615397266,8.541862302543299,8.0231,1.02644224793,7.36551922983,7.98104567375
896,16.21496590328815,15.891556750001673,7.79214861244389,7.9264,0.934061585966,6.707286075580001,7.42917762286
897,15.175066917343884,15.100933267491275,6.866712573941575,7.381,0.8296376660770001,5.9021768329699995,6.54947280082
898,12.701650595895355,14.244742324264681,5.790642795431444,6.5116,0.736642544106,5.28427249466,6.534264288790001
899,13.057593907208934,11.60501763487668,6.294774280348813,6.4966,0.66353705901,3.23076434884,4.7754116219
900,8.955492342250519,9.514237385820183,3.5666801767138425,4.7585,0.6210634520139999,1.9924301317500002,3.7323791758699993
901,6.97774636840449,8.363655685939458,2.8011193685084352,3.7277,0.579724146632,0.9660419978139999,3.3707817280400003
902,6.722556140595135,7.395057013677837,2.898317648815925,3.3704,0.586611598746,0.735968823412,2.8740821654900004
903,6.372104782575281,7.025777163095884,2.534350132653824,2.8795,0.642353275842,0.743682341435,2.86885253871
904,6.09990269980138,6.731785342153773,2.896219391861651,2.8743,0.759102065201,0.8230946968080001,3.0585837351
905,6.788776461025787,8.416864291708235,3.271276415449578,3.0618,0.865527914928,1.2700264909299999,4.05818770335
906,9.84876060777021,8.132716037091853,4.3308646463610145,4.0497,0.884544247256,1.2271916398799998,3.7083861502800004
907,8.397405610690086,8.53403348702804,3.2306211497072788,3.7039999999999997,0.8246317673360001,1.4005157796399998,3.7292467663699997
908,8.638422527315711,9.223894537369816,3.583573895109364,3.7246,0.74942236877,1.9174788064400001,3.85513185443
909,9.620661295207205,9.920132462881604,3.893250309085044,3.8489999999999998,0.627573908646,2.43886255314,4.03600238917
910,10.054933144116196,10.231374178523616,4.166228469730918,4.0278,0.496731281355,3.0099447197900004,4.29709503586
911,10.51617338228674,10.768659769999296,4.505463584654078,4.2858,0.357502950649,3.5975450984900004,4.40408395071
912,10.91156842773433,11.072938031174093,4.521614306959119,4.3915,0.294297220907,4.45028161582,4.62979271861
913,10.885281231843535,11.371122563161753,4.824078297351397,4.6146,0.277399625135,4.85872980661,4.64522786241
914,10.518496432397871,11.078544264913507,4.694115123546691,4.6298,0.281819655819,5.350038926580001,4.80414329239
915,10.817373284210202,11.255293416691883,4.9509925606937015,4.7869,0.32998333770300003,5.8674611493099995,4.69704753268
916,11.595776469167255,11.579859276361402,4.6375229278826975,4.681,0.5468519241149999,6.30788710694,4.94524041583
917,11.502161941804042,11.975732688438644,5.104832016850795,4.9263,0.950273514479,6.99170548389,4.93547468167
918,11.008173332950442,12.310551029194222,4.956717079109715,4.9166,1.06115697957,8.07887509517,5.32680398763
919,11.397559652669988,11.583936521335014,5.55108741945008,5.3034,1.02730764409,7.98104567375,5.15064010607
920,11.745699113427017,11.201961655754737,4.966265689186273,5.1293,0.9349340028030001,7.42917762286,4.60662785181
921,10.545521909963288,10.068405976570267,4.101308571949485,4.5917,0.8306462778300001,6.54947280082,3.59119227816
922,10.244269687307948,10.804952638931388,2.761059836355039,3.5882,0.737467305183,6.534264288790001,3.0198957940400004
923,11.032860740147587,8.636852182287592,2.5359653716292914,3.0236,0.664351603524,4.7754116219,1.43315488199
924,7.475106405929269,7.377324251353518,0.3862566012808315,1.4555,0.621992775089,3.7323791758699993,0.796947388295
925,6.042038289546232,6.850278363670577,0.23889191967511514,0.8268200000000001,0.580260805009,3.3707817280400003,0.744485011988
926,6.281042854745227,6.469802803043865,0.6569421597046723,0.7749699999999999,0.587223019105,2.8740821654900004,0.6921847006919999
927,6.643841012174321,6.685059240698866,0.7798894920511474,0.72329,0.643025933677,2.86885253871,0.700092594276
928,6.849911257285857,7.0747842285799045,0.828941005077005,0.7311,0.759819982501,3.0585837351,0.769270913162
929,6.859507987591819,8.643387473363003,0.9228399771064782,0.79947,0.865955171044,4.05818770335,0.9830152625669999
930,8.091338580800661,7.184754121828013,1.2155890303754089,1.0107,0.884602972182,3.7083861502800004,1.04207998876
931,6.716786958690996,7.2760745670567095,1.1587399638343707,1.0691,0.825021187834,3.7292467663699997,1.4406771216
932,6.806907912581362,7.624768860103561,1.7141350832081788,1.463,0.749880943463,3.85513185443,1.87411024604
933,7.3435694860957135,7.900251492535616,2.220142779362039,1.8913,0.627697849491,4.03600238917,2.39561432038
934,7.898938182141352,8.187692141250555,2.788986132830502,2.4067,0.496918356984,4.29709503586,3.0811542204199998
935,8.257325953653998,8.546811715469932,3.533297443900894,3.0841,0.35731066344499995,4.40408395071,3.6847159076800002
936,9.249740467403932,9.109820566124185,4.152542124456889,3.6806,0.30010274275800003,4.62979271861,4.04787157488
937,9.39724389349863,9.526854197143102,4.387148074824154,4.0395,0.28153174052499996,4.64522786241,4.30610044059
938,9.8089296949349,9.963591666056697,4.5571569642296765,4.2947,0.286389029708,4.80414329239,4.80618312762
939,10.357390335891214,10.502431802727859,5.152127132786031,4.7889,0.339634845132,4.69704753268,5.0528158722
940,10.524042398207978,10.544177250084054,5.2934902841579685,5.0326,0.575520883217,4.94524041583,5.30801477293
941,10.5805037838206,10.889698918694343,5.539575870817402,5.2848,1.01710245037,4.93547468167,5.6984202773899995
942,10.851846061769796,11.732564073600104,6.005656101294676,5.6706,1.14211455919,5.32680398763,6.6561369472
943,11.247311840482368,11.414080802368215,7.028066588622005,6.6171,1.11174642928,5.15064010607,6.36127560028
944,11.17960074197202,10.679418746484657,5.957913925512773,6.3257,1.01269488015,4.60662785181,6.12213869654
945,10.419836563283635,9.964352339842591,5.839791742883634,6.0893,0.897203968424,3.59119227816,5.6887043261
946,8.187575198029446,9.476595144324026,5.2935711606555955,5.6610000000000005,0.79253278509,3.0198957940400004,5.68861827898
947,8.378053182694776,6.602662539607838,5.633464136002966,5.6609,0.712123651474,1.43315488199,5.038161584719999
948,5.95089084756167,5.635647429052258,4.44969248266934,5.0181,0.663782607632,0.796947388295,4.74472011347
949,4.478315468129106,5.1654494377962,4.474167490282028,4.7281,0.6184191263459999,0.744485011988,4.53702961949
950,4.147005853341474,4.593068726927189,4.415615767568307,4.5229,0.625143658697,0.6921847006919999,4.48348833579
951,4.09023295099794,4.384598830007784,4.508737188570099,4.47,0.6893391093019999,0.700092594276,4.66398765976
952,4.084961777962715,4.435032906970841,4.8520633936479625,4.6484,0.816122321347,0.769270913162,4.752594680990001
953,4.56500155342696,6.051755659933394,4.893580826473176,4.7359,0.938922520777,0.9830152625669999,5.65898748459
954,6.92459300688087,5.501696901550046,5.901064916830113,5.6316,0.966195734207,1.04207998876,4.7082674916
955,5.862362868837713,5.947005790602988,3.8122697043819653,4.6921,0.902388806241,1.4406771216,4.6053665633800005
956,5.921749705572898,6.481334903000366,4.215225811772896,4.5904,0.81497136252,1.87411024604,4.66835626494
957,6.809286730914575,7.112953572359782,4.564290832315599,4.6527,0.6790422137279999,2.39561432038,5.10027413475
958,7.315625312457006,7.488925467707342,5.264058823404163,5.0795,0.529122216874,3.0811542204199998,5.26589881696
959,7.772233851973053,8.05117125730892,5.376069614624055,5.2432,0.36982349598700004,3.6847159076800002,5.445843131009999
960,8.150809523807464,8.181295377951262,5.582466046326583,5.421,0.301145098757,4.04787157488,5.63482855665
961,8.523417942995255,8.668748774669742,5.802338977385035,5.6078,0.283024717732,4.30610044059,5.58035956008
962,8.942872098495956,9.090401524529133,5.555954329070721,5.5539,0.2879970411,4.80618312762,5.67779412045
963,9.48835934842554,9.5637327092575,5.7713476110566795,5.6502,0.341640138098,5.0528158722,5.708031496269999
964,9.764023236240622,9.730160529597816,5.77768397412913,5.6801,0.578565660516,5.30801477293,5.90749088099
965,10.185579466306592,10.270806863944834,6.089065358221944,5.8772,1.18914822345,5.6984202773899995,6.29092235981
966,10.741612551861142,11.267047502937597,6.587252055281879,6.2561,1.3007751541700001,6.6561369472,6.547387131930001
967,12.284002444596108,11.863638181096128,6.796292437272443,6.5096,1.45179561922,6.36127560028,6.90761416783
968,11.19543618146869,10.872256846433665,7.203072329830665,6.8656,1.24929549264,6.12213869654,6.4716833529999995
969,10.454847392572619,9.913978182802929,6.017169301097484,6.4348,0.9000872955979999,5.6887043261,6.302631667590001
970,8.80643113410148,9.894481124514448,6.117493317884282,6.2677,0.795339835009,5.68861827898,7.20458409011
971,9.172033708893395,7.387249721672382,7.204374065056115,7.1591,0.7143740245419999,5.038161584719999,6.22993814233
972,6.059895528020645,5.913663478444367,5.252918655621802,6.1959,0.6654687833899999,4.74472011347,5.345904879719999
973,4.386674090328247,5.224222583748578,4.441258908859685,5.3222,0.619541849682,4.53702961949,4.20441786872
974,4.07332752478249,4.64703199353153,3.2197429613757365,4.1942,0.626062397271,4.48348833579,3.53520925894
975,3.7433716746968866,4.218710067384456,2.8966270021617073,3.5329,0.690354937344,4.66398765976,3.4337445243799998
976,3.7315007201054007,4.2181816125029705,3.2544442251131014,3.4326,0.817186528216,4.752594680990001,3.41295120791
977,4.178398453786843,5.738595230571984,3.456507150911983,3.412,0.940298993799,5.65898748459,4.2328572718599995
978,6.212663934521176,4.982754207030576,4.437690495630469,4.2223,0.967629879343,4.7082674916,3.76192672291
979,5.209593272456198,5.316406739269886,3.1797270076525312,3.7569,0.9039318895630001,4.6053665633800005,3.9275327692800004
980,5.264134516985661,5.845732451088553,3.782724001165097,3.9206,0.816219836484,4.66835626494,4.228714800530001
981,5.520340776875846,6.07769947558545,4.337772320871339,4.2182,0.679972631066,5.10027413475,4.59598992101
982,5.781319394367683,6.228709552904748,4.829137929801631,4.5812,0.529673147465,5.26589881696,4.83064239449
983,6.40550968016006,6.695102504111561,5.023846086053763,4.813,0.369826085004,5.445843131009999,5.084022149
984,6.766905209545515,6.852672169222323,5.297192674773341,5.0634,0.29440273098299996,5.63482855665,5.48935323136
985,6.887543798369235,7.129763676841605,5.792837734255406,5.4639999999999995,0.27757674127500004,5.58035956008,5.91724257473
986,7.181679934626322,7.44176509906106,6.262133142520778,5.8869,0.282244907855,5.67779412045,6.06266911485
987,7.380518740348209,7.614098812660875,6.217849963408608,6.0306,0.33063496053,5.708031496269999,6.21261211832
988,7.36075161139032,7.586227490643171,6.363152708748065,6.1788,0.5486303697980001,5.90749088099,6.53054136727
989,7.578627161234694,7.841245252156477,6.785929730931185,6.4929,0.9544584736489999,6.29092235981,6.7688991611
990,8.137022026935231,8.771883874359919,7.001673110618447,6.7285,1.06586966756,6.547387131930001,7.67713563029
991,8.553992343687673,8.412059649867892,7.991130110040379,7.626,1.0316820836799998,6.90761416783,7.417466844600001
992,8.957635426755392,8.292239880101327,7.0417371893976,7.3694,0.938733379109,6.4716833529999995,7.0620339003199994
993,8.757322384012674,7.621323281162375,6.68058617258141,7.0182,0.8336779531990001,6.302631667590001,6.09403421983
994,7.598621690675949,8.170718844194317,5.248999604654404,6.0616,0.739872748513,7.20458409011,5.948040120190001
995,8.460390511286375,6.192533838829977,5.628314437385282,5.9173,0.666308999171,6.22993814233,3.8300873608599995
996,5.861122031108568,5.207155046274214,2.5402812105462855,3.8243,0.6238077143240001,5.345904879719999,2.83214176379
997,4.98403925666781,5.169641285300289,1.8884176052999548,2.8381,0.582130227308,4.20441786872,2.16834702464
998,5.323141230184106,5.269911781280166,1.5466426528576354,2.1821,0.589148121724,3.53520925894,1.7425375489300001
999,6.173729367466239,5.85584730956743,1.4576299938564068,1.7613,0.6451069212899999,3.4337445243799998,1.7807093297799998
1000,7.1044992823763,6.797540760072087,1.8641596439182433,1.7990000000000002,0.762876319909,3.41295120791,2.17493600143
1001,7.785807786891103,8.831133013079535,2.470525445758963,2.1886,0.8698684251209999,4.2328572718599995,3.4259760334099996
1002,9.976256514179507,8.528561493662977,3.6851343137613397,3.4249,0.888748908909,3.76192672291,3.38193091332
1003,8.6659224451457,8.796870254317332,3.18213217382951,3.3814,0.828365851579,3.9275327692800004,3.856321080880001
1004,8.658497774876636,9.25537728187253,3.939652748216701,3.8502,0.752931953179,4.228714800530001,4.51975929617
1005,9.571013513873869,9.908546166527218,4.834277077452972,4.5058,0.6299790165370001,4.59598992101,5.08787770208
1006,10.296016937440674,10.530365201515117,5.481912283669732,5.0673,0.498187803794,4.83064239449,5.66487222004
1007,10.711211740048887,10.990402621018188,6.082363266347922,5.6375,0.35745694013000007,5.084022149,6.229976773430001
1008,11.285532608676387,11.347384518689047,6.660164537408742,6.1959,0.293776774065,5.48935323136,6.77986399751
1009,11.617700005680026,11.798513965986865,7.2108125950305855,6.7393,0.277195228364,5.91724257473,7.27661031369
1010,12.27067389747656,12.370549153126603,7.6873674983933995,7.2302,0.282021178535,6.06266911485,7.73898232043
1011,12.600257193743694,12.72760049902478,8.127932016391108,7.6872,0.33091201245,6.21261211832,8.168978574530001
1012,12.81839108561323,13.000492252252396,8.537618926090875,8.1121,0.549442219048,6.53054136727,8.47944149766
1013,13.111564409044766,13.400954239688556,8.774853806208226,8.4189,0.9559669328839999,6.7688991611,8.915336360369999
1014,13.655462267200726,14.248042082170738,9.257746550418135,8.8497,1.06753986923,7.67713563029,9.32593128745
1015,15.61752768420834,15.024681048433006,9.676283025266793,9.2554,1.03370113128,7.417466844600001,9.99394002421
1016,14.347159810251915,14.213619790915327,10.414722426565818,9.9156,0.9410327765209999,7.0620339003199994,9.16644876929
1017,13.225025166707384,12.869837647599253,8.363380115888724,9.0978,0.836091340697,6.09403421983,7.57012117359
1018,11.854678735521555,12.962271892509204,6.393795722157114,7.5203,0.7422519425149999,5.948040120190001,7.15860817408
1019,12.638408807976566,10.751651795934633,6.501757866089374,7.1136,0.668639842612,3.8300873608599995,4.914813602340001
1020,8.998535539363797,9.075239489063145,3.6063845133698864,4.8962,0.6260848282829999,2.83214176379,3.5800872302900006
1021,7.318707921026213,8.253492040744844,2.521145345599551,3.5772,0.584062406767,2.16834702464,2.58053978873
1022,7.00635844718683,7.737318596773534,1.7892787966751893,2.5894,0.590896995693,1.7425375489300001,1.91538038191
1023,6.246845060762753,7.074835890875824,1.498190732350944,1.9321,0.646921261109,1.7807093297799998,1.90334707495
1024,6.244425352004619,6.902022855242161,1.964979569412128,1.9202,0.7646223159309999,2.17493600143,2.1095647559799997
1025,6.731418888494036,8.304396100288596,2.400839128187739,2.124,0.871380018573,3.4259760334099996,3.57059772571
1026,9.265769049840658,7.882598623425598,3.6423407872316846,3.5678,0.890206325396,3.38193091332,3.56669085205
1027,8.012470729720489,8.130659835211162,3.3360834003786537,3.5639999999999996,0.830225778143,3.856321080880001,3.9311522985300003
1028,8.074666587202444,8.661035581787196,3.9777860651245907,3.9241,0.754715342207,4.51975929617,4.244252223269999
1029,8.83672526353271,9.21497800712081,4.420154143676126,4.2336,0.6317763873569999,5.08787770208,4.6845424283899995
1030,9.78863209826196,9.910269574190819,4.968572829268431,4.6687,0.500383004876,5.66487222004,5.2192194536
1031,10.514686522550937,10.617217435638224,5.5878045743992715,5.1971,0.36013520143600003,6.229976773430001,5.75649099055
1032,10.854293086811715,10.925923799552223,6.161133533928597,5.728,0.31241241563,6.77986399751,6.26947300015
1033,11.312211204735664,11.477812637850725,6.6763665745403245,6.2349,0.6795652349619999,7.27661031369,6.75578962747
1034,11.54827000213226,11.766504912233248,7.153178583803959,6.7155,1.0536931095200002,7.73898232043,7.19751394092
1035,12.212162410295123,12.257090607897485,7.5729036504861345,7.1521,1.50243471942,8.168978574530001,7.6003188898600005
1036,12.40383457256902,12.549401976977947,7.951033720266378,7.5501,1.9913844875,8.47944149766,8.01096742356
1037,12.818965725951921,13.05181008975183,8.360327709604489,7.9559,2.42897571528,8.915336360369999,8.51007148116
1038,12.813170521958899,13.745774995934298,8.896756239083079,8.4492,2.94759893691,9.32593128745,9.72968051171
1039,14.752261207026972,14.022088414391867,10.070130526267944,9.6544,2.81343355559,9.99394002421,9.05350420975
1040,14.14499282408677,13.743622866790567,8.350047344112443,8.9862,2.87970689203,9.16644876929,8.166744501230001
1041,12.518459944032731,12.275295839842535,7.30485560326883,8.1099,3.40776704102,7.57012117359,7.095930987160001
1042,10.453939846306564,11.969133091376865,6.179777389112114,7.0517,2.60902624352,7.15860817408,6.64303018701
1043,10.814909043648402,9.203417731472795,6.161033675676954,6.6041,2.17406724092,4.914813602340001,5.46632885309
1044,7.154103788069461,7.42004192537392,4.604920780629658,5.4413,1.89928549447,3.5800872302900006,5.444109796039999
1045,5.362962693058025,6.400035987136217,5.161833052999281,5.4193,1.5997968121000001,2.58053978873,5.43466602505
1046,4.768536148036001,5.5756131166084995,5.427318159144677,5.41,1.3884839295299998,1.91538038191,5.18276302616
1047,4.215848214388326,5.075866244495026,5.015402624192525,5.1610000000000005,1.24428053374,1.90334707495,5.31639713571
1048,3.954714661593143,4.760130848860932,5.410110557119161,5.2931,1.6029918725999999,2.1095647559799997,5.46034888
1049,4.3400423023141785,6.067947352898584,5.6210099710778385,5.4353,1.13520513124,3.57059772571,6.24437595321
1050,6.27549501708252,5.14612716852995,6.544377898313027,6.2101,1.00067853629,3.56669085205,5.48870134858
1051,5.140504935084598,5.320672770068064,4.709602686776735,5.4634,0.924928697,3.9311522985300003,5.59656055143
1052,5.199594186182047,5.7641022824654415,5.333451823008028,5.57,0.946356237826,4.244252223269999,5.6100818300999995
1053,6.453833449092695,6.6220714612356515,5.506194129271748,5.5833,1.04739451241,4.6845424283899995,5.90517123355
1054,7.1993046753023275,7.251245839501469,6.029696625357609,5.8749,1.2800501655299998,5.2192194536,6.28690520257
1055,8.253500124663486,8.104523383144205,6.54113626323663,6.2522,1.47678463701,5.75649099055,6.70565636734
1056,8.818339390254907,8.678685546342042,7.01987780975964,6.666,1.6635898669999998,6.26947300015,7.12381194612
1057,9.36504016926876,9.30086841966291,7.459085527081886,7.0792,1.91542697336,6.75578962747,7.57228668844
1058,9.767264638957824,9.849597565355305,7.930348402170327,7.5224,2.08438174569,7.19751394092,7.98221727506
1059,10.02779307183243,10.098144758610132,8.331144138696171,7.9275,2.31631259764,7.6003188898600005,8.38036065133
1060,10.372388464519119,10.491414835002798,8.721098342660605,8.321,2.5744361959599997,8.01096742356,8.78941587024
1061,10.644641035447444,10.804791365638257,9.135169547817487,8.7252,2.86249895524,8.51007148116,9.30652100888
1062,10.966326960484523,11.880744957556477,9.69749453477741,9.2363,3.0096636,9.72968051171,10.565886178200001
1063,12.37869253294084,11.69951944446263,10.896957055813191,10.481,3.12408198624,9.05350420975,10.5904181121
1064,12.324042136199648,11.577474815665244,10.482858956327817,10.505,3.1527783118700006,8.166744501230001,9.30503807125
1065,9.976805502849666,9.847147749964932,8.200948654776402,9.2348,3.8380977690300004,7.095930987160001,7.874312526900001
1066,8.382025150647003,9.800069379234168,6.766074048464875,7.8209,3.09630316112,6.64303018701,7.514091313680001
1067,9.789673209451829,7.588593704690683,6.905158817112032,7.4649,2.8167129934599995,5.46632885309,5.367440295280001
1068,7.097080439090073,6.616601095128719,4.0981859484365195,5.3435,2.66355224497,5.444109796039999,4.01085728065
1069,5.899675065356924,6.2465772402660384,2.9750550586185636,4.0029,2.34901293997,5.43466602505,3.15792380819
1070,5.811796766604122,6.047848106768992,2.4628265553989395,3.16,2.29160189468,5.18276302616,2.88342054514
1071,5.688432796918875,6.076618773736174,2.6821187739810677,2.8887,2.21466406018,5.31639713571,3.13298297444
1072,5.931031872384316,6.364727727811942,3.292219111868496,3.1354,2.72105346264,5.46034888,3.60195607225
1073,6.41724063710814,7.898885312022197,3.9447265734824617,3.5988,2.13231262069,6.24437595321,5.14612504412
1074,9.114713043849079,7.615413947517519,5.304290578929348,5.1248,1.9590038378799999,5.48870134858,4.73217590012
1075,7.396440875064837,7.636394604996119,4.16855499851119,4.7157,1.77734745476,5.59656055143,4.99616818614
1076,7.412348947400438,8.154741663544545,4.85241833874215,4.9766,1.7605149763900003,5.6100818300999995,5.20811713907
1077,8.017950048470503,8.521644810861794,5.251569732999373,5.1861,1.8634760016499998,5.90517123355,5.67244103299
1078,8.436096896780514,8.922755377107936,5.904246735602888,5.6449,1.9997049300599998,6.28690520257,6.1794404083300005
1079,8.837006964334602,9.151915955999694,6.518319087853174,6.146,2.1548130298599997,6.70565636734,6.69798576201
1080,9.299051071787243,9.48571389663119,7.079718108663579,6.6584,2.28608868706,7.12381194612,7.19038358623
1081,9.630573174055407,9.795381494880855,7.579207801079497,7.145,2.3964330366,7.57228668844,7.700869792060001
1082,9.950785055339352,10.162055837508408,8.101170959170481,7.6495,2.4765383361400004,7.98221727506,8.16079726093
1083,10.329410315670192,10.45270411793024,8.545986735385004,8.104,2.55854658697,8.38036065133,8.59524066617
1084,10.745203927697569,10.83443385561952,8.963470164439528,8.5333,2.66126672773,8.78941587024,9.015093490850001
1085,10.983182491880674,11.154813869309105,9.373226011211388,8.9483,2.85119818019,9.30652100888,9.52545323326
1086,11.737142365803539,12.473368286455864,9.918125005740782,9.4526,2.7321446452999996,10.565886178200001,10.7745808968
1087,13.213832202190325,12.486120605926372,11.108035518190205,10.687000000000001,2.66479965115,10.5904181121,10.8790594504
1088,12.059971251767182,11.49015165601666,10.86162167930277,10.79,2.5164718545900002,9.30503807125,9.69687518184
1089,11.147395674983557,10.665390224120431,8.639726230714864,9.622,2.5746303463699998,7.874312526900001,8.69101612453
1090,9.842562567610472,11.027053859115297,7.789982642822093,8.628,1.9679832928599998,7.514091313680001,8.46019437259
1091,10.563186241601816,8.577851844181493,8.044508897062261,8.3999,1.52636861072,5.367440295280001,6.569232503080001
1092,7.436162386377774,7.249865127333463,5.346256130586278,6.5312,1.1074016898999999,4.01085728065,5.939580214459999
1093,5.939887108375038,6.543431697305673,5.220573217295589,5.9089,0.8335582521430001,3.15792380819,5.758436226830001
1094,5.531627523033127,6.027160144980572,5.479479925389332,5.7299,0.597486990934,2.88342054514,4.75008740369
1095,5.069819692599539,5.753873349409342,3.9509265452110816,4.7334,0.654048781772,3.13298297444,4.6802706357099995
1096,4.988169562456371,5.7174892103743815,4.433315196479222,4.6644,0.772704846484,3.60195607225,5.0131800786400005
1097,5.4936756314497925,7.197279447730008,5.106233552049554,4.9934,0.880183439756,5.14612504412,6.59282337505
1098,7.471581192000702,6.24097293476229,6.545124947811325,6.5545,0.899181432657,4.73217590012,6.08338941224
1099,6.389144895282975,6.552284657201935,5.376705699289411,6.0511,0.8387341190790001,4.99616818614,6.525305095009999
1100,6.312731521368778,6.968991927266315,6.266084532736118,6.4878,0.7626728576749999,5.20811713907,7.01559230895
1101,7.056274471591973,7.466750060810798,7.119361980547415,6.9723,0.7545560565539999,5.67244103299,7.570264148500001
1102,7.489715887751062,7.902949350590957,7.851606996678241,7.5204,1.08419305839,6.1794404083300005,8.0530165237
1103,7.903062557794234,8.213369397834999,8.386542190127432,7.9975,1.36081020808,6.69798576201,8.417973975519999
1104,8.532993779843203,8.62416093564213,8.714938864484667,8.3582,1.5674542942899998,7.19038358623,9.11680506544
1105,8.780803302961687,8.925500397421104,9.504955862341555,9.0488,1.77344165435,7.700869792060001,9.62899172138
1106,8.957986625050896,9.216504102540583,10.038169226832848,9.5549,1.9507475711700002,8.16079726093,9.83805875399
1107,9.587605553605295,9.63780070941723,10.041319927507205,9.7615,2.1406131096900003,8.59524066617,10.4631280114
1108,9.756431418626907,9.874273499373324,10.791602645874267,10.379000000000001,2.38896994095,9.015093490850001,10.8010408882
1109,10.364660678091024,10.456634373176335,11.090807897693962,10.713,2.6942347025999998,9.52545323326,10.923883648
1110,10.560230034883308,11.43477601867643,11.04651530016878,10.835,2.9773000149299995,10.7745808968,11.9363503098
1111,10.989516594949771,10.69781121934004,12.125442448638891,11.835,2.88805181519,10.8790594504,11.7650648773
1112,11.91099920917738,10.769159874865686,11.429635281058292,11.665999999999999,2.84312901158,9.69687518184,10.544747608
1113,9.935776783108857,9.484372732265324,9.471859042114637,10.46,3.3025855509400004,8.69101612453,9.26656378179
1114,8.012201481050162,9.521722164801028,8.225845902772864,9.1968,2.7069972714099997,8.46019437259,8.77592403086
1115,7.642154454952659,6.320041374131408,8.185641313509196,8.7119,2.49414731755,6.569232503080001,6.13397845
1116,5.258778597757548,5.0619491956762195,4.794726304744757,6.101,2.23090204462,5.939580214459999,4.43432400421
1117,3.822702872847735,4.297287773028223,3.2735905543867263,4.4214,2.07358225808,5.758436226830001,3.40046640626
1118,3.2818930847110592,3.731252178911152,2.560883941410503,3.3997,2.01535285662,4.75008740369,2.67555663637
1119,3.002525540186554,3.563546087010817,2.210487558780881,2.6833,1.9488553541900002,4.6802706357099995,2.35967751918
1120,2.9658646399364663,3.6370418755902683,2.3488695851305477,2.3712,2.4335859309,5.0131800786400005,2.66181788672
1121,3.352766803760589,5.020687005783076,2.965093466345978,2.6697,1.9271326504400004,6.59282337505,3.93853335486
1122,5.296266326987063,4.137707726178672,4.115738244427614,3.9314,1.80742283689,6.08338941224,3.56309133005
1123,4.525014725226864,4.487995593513124,3.034663946546588,3.5604,1.6499533605,6.525305095009999,3.81899878631
1124,4.669237331983631,5.110433632770771,3.7030116149890913,3.8133,1.62019242926,7.01559230895,3.82647472852
1125,5.305400149930614,5.609280048844741,3.732012892244879,3.8207,1.6839470241299999,7.570264148500001,4.35051707738
1126,6.195790442811745,6.340975790080765,4.5161479833773965,4.3386,1.79977310504,8.0530165237,4.47470716322
1127,7.272120244744837,7.178555321409696,4.533172431777574,4.4613,1.93094204097,8.417973975519999,4.649800524230001
1128,7.7993586817670915,7.677767406259195,4.765699745231249,4.6343,2.05412763797,9.11680506544,5.02081365311
1129,8.373848235103162,8.262355923934582,5.273579628422814,5.001,2.17143017254,9.62899172138,5.5146964154199996
1130,8.988552686933879,8.961135126920645,5.865269870970419,5.4891,2.26193517499,9.83805875399,5.962918617280001
1131,9.056471258801118,9.152553591185303,6.327009543459269,5.932,2.3625229798,10.4631280114,6.19800715485
1132,9.66067775987214,9.69850099329291,6.428232383525119,6.1643,2.55137930673,10.8010408882,6.59863203923
1133,9.66564090611124,9.879038725227108,6.901775621309184,6.5602,2.7977269459500005,10.923883648,7.2088979792
1134,9.852259481823292,10.710908497845319,7.608602654085175,7.1633,3.0827552856700002,11.9363503098,8.468422613069999
1135,11.61470067700909,11.0560378241734,8.836732533685918,8.408,2.8962802712199998,11.7650648773,8.19323598861
1136,10.750983471581332,9.88340108027932,7.792664003717568,8.1361,2.79632828157,10.544747608,7.67150464854
1137,9.315426643493689,8.854107738879865,7.120286887276759,7.6205,3.02380253306,9.26656378179,6.440174205140001
1138,7.926200818705392,9.017386157422866,5.436940609600856,6.4036,2.41290022836,8.77592403086,5.91512721612
1139,7.321329082492631,6.186594979442219,5.3566548744531,5.8848,1.9834136792500001,6.13397845,4.0760253552900005
1140,4.1738913640055575,4.319389746909857,2.9081527533813807,4.0673,1.5216716204299998,4.43432400421,3.01877618411
1141,2.888055917723996,3.441663458073319,2.1672670137688868,3.0225,1.2340614152299998,3.40046640626,2.51671132632
1142,2.4146883956531706,2.8590740486232686,2.1103993951257225,2.5263,1.0823301234799998,2.67555663637,2.16759992389
1143,1.914554035207058,2.544165444139405,2.0802623393149013,2.1813,0.934922949434,2.35967751918,2.3073424285699997
1144,2.00346584647982,2.667105797333061,2.5363772157936015,2.3194,0.83247909505,2.66181788672,2.62150006035
1145,2.3244256929087714,3.9891878506081273,2.9700491296830664,2.6299,0.9575407027159999,3.93853335486,4.30494475106
1146,3.592214499668302,2.846067385612384,4.324218509590656,4.2935,0.9851261202399999,3.56309133005,3.92404212201
1147,3.4614497280561665,3.2961280448666788,3.3421208850206536,3.9171,0.9204634179610001,3.81899878631,4.6705860561699994
1148,3.8479727175698963,4.034789955844329,4.42133854033272,4.6549,0.8317786631119999,3.82647472852,5.0206052571
1149,4.236715615222266,4.574642330669883,5.058901801160441,5.0008,1.0983599613700001,4.35051707738,5.931126144430001
1150,4.585203333465802,5.016104676573541,6.149949598254892,5.9006,1.47628836936,4.47470716322,6.1856372977400005
1151,5.10412876081475,5.340502012769905,6.304508211855985,6.1521,1.92842662028,4.649800524230001,6.6471857613
1152,5.56286270305647,5.666400725349791,6.891932706840471,6.6082,2.26612659733,5.02081365311,7.2231503906
1153,6.060076907388584,6.069333225713846,7.588588550018759,7.1774,2.65933108106,5.5146964154199996,7.5208450596
1154,6.289106741944137,6.369627619018452,7.780965388296605,7.4716,2.9485859804100003,5.962918617280001,7.6822786244899985
1155,6.655760867192232,6.75755882299072,7.838237233428179,7.6311,3.2223604956200003,6.19800715485,8.07311781284
1156,7.067005195842657,7.046345279092749,8.349735291886724,8.0174,3.6185404829000003,6.59863203923,8.1968424511
1157,7.474511153873909,7.4941049887355025,8.330754608849649,8.1396,4.34497693363,7.2088979792,8.63698615738
1158,7.947224033921636,8.637653361383105,8.915118469200344,8.5746,4.4856523049699994,8.468422613069999,9.7346659134
1159,9.95322187823508,8.996470191087305,10.062094421621412,9.6594,4.030854658469999,8.19323598861,9.06803272341
1160,9.305242717860056,8.221560526386636,8.354381083668622,9.0006,3.3441954550700004,7.67150464854,8.56836069758
1161,8.411694532207058,7.539741370365887,8.007389601028558,8.5068,2.85132941468,6.440174205140001,7.00216684341
1162,6.999623904629035,7.685133241574562,5.838148077161683,6.959,1.46587007137,5.91512721612,6.2958304183700005
1163,6.266072921867103,5.105210766017238,5.55416569660951,6.261,0.679296623543,4.0760253552900005,4.57263215523
1164,3.5690219235304332,3.5822934161845574,3.4508294785576483,4.5581,0.636853521946,3.01877618411,3.35957607088
1165,2.006490993878734,2.549361280735157,2.470636218713704,3.3593,0.594173324768,2.51671132632,2.8177166897400006
1166,1.3512569808167014,1.8442578829358665,2.3970136485245344,2.8238,0.6007188841100001,2.16759992389,2.28082611499
1167,0.5905347958697905,1.3824504993896567,2.115134993256827,2.2932,0.657136096779,2.3073424285699997,2.35546455322
1168,0.6226792244716279,1.370837428081195,2.578065870607219,2.367,0.7758715750470001,2.62150006035,2.78176403975
1169,0.986467311419843,2.5637484106407213,3.167786108002571,2.7883,0.883821785846,4.30494475106,4.55341742256
1170,1.8036064445026736,1.4766110540002528,4.574537160027725,4.5391,0.9029111093659999,3.92404212201,4.40322339637
1171,1.7991189127366045,1.7082523920037813,4.008995190927887,4.3907,0.841734884249,4.6705860561699994,5.07585925241
1172,2.1937992107507207,2.290345190820319,4.995783042814268,5.0554,0.765243287209,5.0206052571,5.71020509053
1173,2.579504947460908,2.8409533137380785,5.96258969544723,5.6823,0.640775446241,5.931126144430001,6.35889898407
1174,3.070858351088808,3.402073171856234,6.737023689163197,6.3233,0.507465418796,6.1856372977400005,7.062001119780001
1175,3.7552224889024517,3.8741092881963777,7.510607349394131,7.0181,0.365226515694,6.6471857613,7.625210345069999
1176,4.4982219215759045,4.424622439733255,8.066977973304367,7.5747,0.30109434440099997,7.2231503906,8.07998459035
1177,4.918899623772569,4.821662828652587,8.466197780878332,8.0242,0.284529757929,7.5208450596,8.50881343267
1178,5.423682974479303,5.341469892343777,8.872265509795279,8.4479,0.289420496897,7.6822786244899985,8.94885993423
1179,6.093569271902026,5.95612262683024,9.315291532139108,8.8828,0.569470348507,8.07311781284,9.10197084991
1180,6.334039670913237,6.280582477061298,9.271179278822242,9.0341,1.14667478206,8.1968424511,9.337134797380001
1181,6.619147957131118,6.671377267100244,9.547393350782986,9.2665,2.0729495887200002,8.63698615738,9.88444015983
1182,7.111005570933131,7.883872714779416,10.227470523782518,9.8074,2.25478793004,9.7346659134,11.0584910827
1183,7.727920314545386,7.288577809871166,11.419259103748844,10.968,2.3440219790200003,9.06803272341,10.5764536197
1184,7.658808205780288,6.701582172250458,10.00126592644029,10.491,2.1133594854199997,8.56836069758,9.60580352675
1185,6.599951288621066,5.710350265748213,8.69353475716389,9.532,1.5743304707899999,7.00216684341,8.05676951988
1186,5.26130508048271,5.732044892533802,6.922953397606263,8.0012,0.754674017313,6.2958304183700005,7.4983965559
1187,5.35896387871226,3.834611959616487,6.838361459417317,7.4494,0.680120969369,4.57263215523,4.8481665783
1188,4.396548022194161,3.4020999479201355,3.5152336268592927,4.8304,0.636678622808,3.35957607088,3.24892948292
1189,3.5066597109737465,3.201678817072242,2.12894536847572,3.2499,0.593651182868,2.8177166897400006,2.25638271955
1190,3.8231832547740434,3.4225451208249473,1.468360117640052,2.2691,0.600162766439,2.28082611499,1.53795982122
1191,4.6805012201351435,4.3577702599701444,1.1221487155767964,1.5591,0.657258585118,2.35546455322,1.3145604524299999
1192,4.726698152673282,4.924754540743532,1.3746930542381934,1.3383,0.7765706770199999,2.78176403975,1.56861051413
1193,4.759535515771142,6.129766724778669,1.9108851305388654,1.5894,0.884929552853,4.55341742256,3.2932008381
1194,5.6348174503843,5.519099655929121,3.2182226264719773,3.2937,0.9039482477490001,4.40322339637,3.1276022024400003
1195,5.053010100093588,5.334577694246893,2.6833994158537715,3.13,0.842834400783,5.07585925241,3.6127308034
1196,4.769582838820054,5.340645691928623,3.5330903208055147,3.6095,0.766068988201,5.71020509053,4.02149294134
1197,5.140685543951859,5.6827212497717206,4.183106941860104,4.0134,0.640891618899,6.35889898407,4.5958689032199995
1198,5.461791331105835,6.050461500455466,4.9056486798447,4.581,0.507000814061,7.062001119780001,5.23341681285
1199,5.733629241696129,6.242873386499147,5.641672481130779,5.2111,0.36417046232199995,7.625210345069999,5.935059466569999
1200,5.866611763230224,6.269064588730304,6.400525064967895,5.9045,0.29942417683,8.07998459035,6.54225211456
1201,6.90732111790085,6.8347795162422065,7.010655433194093,6.5045,0.282410915238,8.50881343267,6.942826689310001
1202,7.186309873857341,7.228023226976251,7.3062107412094806,6.9004,0.28717968456,8.94885993423,7.42886337632
1203,7.069919587405038,7.315706894129589,7.807509634633912,7.3807,0.33683890914399994,9.10197084991,7.53164609738
1204,7.321380385110224,7.508276995531184,7.649536645610362,7.4823,0.559536055146,9.337134797380001,7.8979954029899995
1205,7.751455115762127,7.878120662686133,8.148245398572838,7.8443,0.973901542287,9.88444015983,8.193880069019999
1206,8.068101399686476,8.824370343616927,8.457584754941518,8.1367,1.08779701715,11.0584910827,8.576910138539999
1207,9.794497401832583,9.057539687716726,8.886236466638508,8.5152,1.05328495129,10.5764536197,9.17500989658
1208,8.76420624726875,8.025421633356643,9.571636271060237,9.1063,0.958204789153,9.60580352675,8.388940754530001
1209,7.7366490857102725,6.989719877758867,7.609404418741808,8.3295,0.850390566792,8.05676951988,7.25140669896
1210,6.533528070039563,6.9709656823502275,6.284926513065094,7.2053,0.7546172614740001,7.4983965559,6.7799377423000005
1211,6.028335382912296,4.999536911216852,6.2439961739462175,6.7394,0.6796646266159999,4.8481665783,4.457471185
1212,4.276825020684091,3.7744919981733482,3.157324326208599,4.4443,0.636151561323,3.24892948292,2.9168640504299996
1213,3.2300544805780707,3.302854963448345,1.8048608207716317,2.9218,0.593580256682,2.25638271955,1.8794734904
1214,2.652768965076498,2.8777887909444124,1.056288959201542,1.8966,0.6009621466539999,1.53795982122,1.21942313065
1215,2.6266150745484165,2.8318726654223885,0.7918247473874556,1.2443,0.658080818757,1.3145604524299999,1.0282325510299999
1216,2.6796782924723113,3.0855260208405633,1.061254835497935,1.0554,0.7776355447650001,1.56861051413,1.30808428419
1217,3.2203404536133036,4.356168903582387,1.6190089666886665,1.3319,0.8863117562010001,3.2932008381,2.52124042632
1218,4.59068230010404,4.211026727911134,2.7493085560124766,2.5308,0.905351553158,3.1276022024400003,2.4489002018
1219,4.493704705186175,4.40148330500785,2.227675979712576,2.4593,0.8437386217,3.6127308034,2.92766224505
1220,4.933336365426719,5.0110484440263035,3.0005677352987923,2.9325,0.766979968493,4.02149294134,3.52156902007
1221,5.9612719955343625,5.911255785306702,3.821811040181374,3.5194,0.641941110862,4.5958689032199995,4.1701681620599995
1222,6.5197846994496444,6.682903699624763,4.578470081136825,4.1603,0.507923428178,5.23341681285,4.9249040413800005
1223,6.930348086649739,7.1791162976277825,5.39789222844559,4.9062,0.36519585573700003,5.935059466569999,5.62621257941
1224,7.557169624811365,7.787288289067971,6.129803376526639,5.5993,0.300702920842,6.54225211456,5.8638459140600006
1225,8.187813060772843,8.12430822105026,6.095847904415561,5.8341,0.283815590724,6.942826689310001,6.64579765968
1226,8.786584263890125,8.666920329291363,6.971496133829347,6.6068,0.506882482121,7.42886337632,7.115654149239999
1227,9.425185578696283,9.309527264672099,7.481911869585961,7.0712,1.1062598603,7.53164609738,7.62021631041
1228,9.628547769592139,9.69216226381069,7.996509181998597,7.5698,1.8231165249099999,7.8979954029899995,7.96581572276
1229,9.776540649557887,9.980231702103865,8.275505302385538,7.9113,2.85956706112,8.193880069019999,8.45823181029
1230,10.263322618963626,11.093513871782232,8.820483830248433,8.3979,2.9966418984900005,8.576910138539999,8.837885988350001
1231,11.953500037188794,11.116619185526691,9.173078034403392,8.7731,3.01336773028,9.17500989658,8.579972465489998
1232,11.906903540406303,10.842458372604167,8.31038649983315,8.5183,2.5160450448400002,8.388940754530001,7.989967904689999
1233,9.558034365126067,9.225123625165264,7.460599561853352,7.9352,1.8260808446599999,7.25140669896,6.89648396873
1234,7.480147831343409,8.462335158457016,6.028989267669266,6.8546,0.8727897622059999,6.7799377423000005,6.62954978232
1235,7.21953783855531,6.514825351256714,6.284760797110888,6.5908,0.682139924638,4.457471185,4.53807843511
1236,4.572084596001796,4.644020573934816,3.291686683227221,4.5239,0.638948881616,2.9168640504299996,3.4660649193800004
1237,3.721220149018826,3.9439232435675056,2.5494282309727163,3.4645,0.5958603652350001,1.8794734904,3.21982283825
1238,3.635539097893889,3.745239644269444,2.804577986983484,3.2212,0.602713387503,1.21942313065,2.46260664552
1239,2.452228218672759,3.0906593003480287,1.9327596327716015,2.4729,0.659772809568,1.0282325510299999,2.19684778604
1240,2.3577532624169857,3.1022212134889955,2.057431566709898,2.2102,0.7791932097509999,1.30808428419,2.49871148076
1241,2.909878415398798,4.135805278593386,2.6827213564380847,2.5086,0.8877082965009999,2.52124042632,3.69022091561
1242,3.9088999806746427,3.8117510813457742,3.8773174359088043,3.6860000000000004,0.906526312488,2.4489002018,3.4391720051099997
1243,3.7524063343707383,3.880181338946193,3.012304555282748,3.4379,0.845396946469,2.92766224505,3.73316015139
1244,4.225272869745583,4.410036507303458,3.677525739193191,3.7285,0.7688328832729999,3.52156902007,4.27787421114
1245,4.661384917419582,4.837468855724714,4.493999701862154,4.2668,0.6438467267369999,4.1701681620599995,4.69180984197
1246,5.03514675499317,5.358082449661314,4.975201155388278,4.6758,0.509509691563,4.9249040413800005,5.25761962433
1247,5.354654733974202,5.749939365355594,5.6219278974632,5.235,0.366217616668,5.62621257941,5.57429606197
1248,5.76863568535736,6.149570152268175,5.852428135384179,5.5479,0.301379152108,5.8638459140600006,6.10966951439
1249,6.168908122017198,6.324858712243741,6.465249578878138,6.077000000000001,0.70408719116,6.64579765968,6.59249000239
1250,6.3694548382014045,6.522246471150761,6.976924444519847,6.5542,1.24884037388,7.115654149239999,6.789973367949999
1251,6.93379273298018,6.8966730979492805,6.988483662876012,6.7493,1.6063276525799999,7.62021631041,7.140184263169999
1252,7.530424298995695,7.417767999216421,7.411311725044721,7.0954,2.3700517801400003,7.96581572276,7.521745139839999
1253,8.156589925167836,8.063233511790544,7.838314565111877,7.4725,3.4859391684900003,8.45823181029,7.885461864169999
1254,8.813122325363166,9.419581042923216,8.201715242335556,7.8319,3.4085369549099997,8.837885988350001,9.01675062366
1255,10.210044948038812,9.405377407723414,9.320704389357223,8.9499,3.2186158854699998,8.579972465489998,8.45968451766
1256,9.394633067470714,8.426071529589432,7.8126360606121885,8.3994,2.81979247749,7.989967904689999,8.100308277060002
1257,8.120983915453625,7.413155486206988,7.659506831232544,8.0442,2.0782086834799998,6.89648396873,7.065039446189999
1258,6.2426072765517855,6.925256335221974,6.15012452710772,7.0211,0.9030636449339999,6.62954978232,6.48283301796
1259,5.730602214204265,4.918180037864504,5.915719644835775,6.4458,0.682870955479,4.53807843511,4.2606852021699995
1260,3.6846260818952548,3.615695219917911,2.987155914909769,4.2498,0.639464411185,3.4660649193800004,2.8206365677
1261,2.473576146489131,2.7330583038746026,1.7591938420710644,2.8267,0.596063221361,3.21982283825,1.7423020632
1262,1.9303492598153276,2.0624604419885983,0.9372152221416667,1.761,0.602847051907,2.46260664552,1.7276704707599997
1263,1.530336778891121,1.941485198304781,1.43567843808161,1.7466,0.659830008498,2.19684778604,1.77844876882
1264,1.5911069140462935,2.135042737282209,1.8338619616508074,1.7968,0.779961600841,2.49871148076,1.9627153589400002
1265,2.042616310284239,3.1208154028180357,2.1809683862803126,1.9789,0.889310019805,3.69022091561,2.97645951782
1266,3.6739372706100264,3.3058690816613194,3.245651121633376,2.9807,0.908513102327,3.4391720051099997,2.72956509277
1267,3.6176054152617536,3.6037291825485664,2.348570336745273,2.7367,0.8468517466300001,3.73316015139,3.0871736577399997
1268,4.1756997207083755,4.195384736559828,3.071488847441053,3.0901,0.7692860786329999,4.27787421114,3.5886353898300003
1269,4.536613397706275,4.656377591990124,3.8212964937635907,3.5857,0.644056302396,4.69180984197,4.1905890811
1270,5.604290308889943,5.559136681468124,4.5556635121794,4.1805,0.509484661218,5.25761962433,4.90001079269
1271,6.183625596960422,6.276219618912398,5.3465505176642605,4.8816,0.366294580293,5.57429606197,5.41799070446
1272,6.5765180692415015,6.825824748924275,5.840694024757479,5.3935,0.308135542816,6.10966951439,5.98303126575
1273,7.372872279828707,7.317938292756595,6.407927366486177,5.9519,0.623439804742,6.59249000239,6.776412143130001
1274,7.988267543832301,7.910810164610036,7.249820719733543,6.7359,1.22443082577,6.789973367949999,7.309791879310001
1275,8.440839912799092,8.363004241947252,7.757949110646357,7.263,1.84681820064,7.140184263169999,7.7433995403199996
1276,8.71575821654347,8.75431225998284,8.119439383498607,7.6915,2.5717862483099996,7.521745139839999,8.127668991230001
1277,8.914208477572828,9.101192163400206,8.46718779130671,8.0713,3.64865489629,7.885461864169999,8.81119770959
1278,9.584836528729689,10.306615995475482,9.22493926266925,8.7468,3.5999618624900003,9.01675062366,10.0214234638
1279,11.253972877629954,10.342525085620899,10.437751564834123,9.9427,3.5113683608899997,8.45968451766,9.58456100866
1280,10.505646364957705,9.525088425031946,9.061480171485098,9.511000000000001,2.97231601431,8.100308277060002,8.933945997999999
1281,9.339851455195914,8.482376621608488,8.273023692840741,8.8681,2.2929659169599996,7.065039446189999,7.54051934866
1282,9.366343529894202,9.117411135865627,6.466951007328958,7.4910000000000005,0.974524693668,6.48283301796,6.39277403056
1283,10.67995349138646,8.628482531782609,5.477918951425183,6.3568,0.73329189091,4.2606852021699995,4.64378930258
1284,8.70954019092157,8.00906426030614,3.5689683752570476,4.6284,0.68322457167,2.8206365677,3.06285000298
1285,7.8154532812026885,7.689725742480178,2.0957931920402197,3.0661,0.635848518765,1.7423020632,1.92035754469
1286,7.472067878160197,7.384872232035324,1.2348883248801514,1.9369999999999998,0.642491895822,1.7276704707599997,1.14568264622
1287,6.978437402827599,7.367835969613816,0.863476272732374,1.1714,0.7084852456559999,1.77844876882,0.913575124069
1288,5.854325448782943,6.986391836315472,1.145308510145113,0.9420700000000001,0.8385134411890001,1.9627153589400002,1.30070623942
1289,5.8179487211376655,7.5310287376332425,1.7596673229442858,1.3246,0.964937695389,2.97645951782,2.45767504787
1290,7.517096960673911,7.470592220899746,2.795466515811183,2.468,0.9929804048109999,2.72956509277,2.4214290398
1291,6.362214284614523,7.101061269612369,2.296797976147785,2.4322,0.9273336234049999,3.0871736577399997,2.98186410771
1292,6.439315573724318,7.052768070181108,3.112039566695176,2.986,0.837082004135,3.5886353898300003,3.2816141301700004
1293,6.989142503589669,7.453801025033857,3.4731513626390833,3.2822,0.696733214759,4.1905890811,4.0202948132800005
1294,7.7912586284812395,7.967632809813089,4.346519211429757,4.0122,0.5419281656,4.90001079269,4.68961214461
1295,8.242731596860624,8.508206097427337,5.134872899976736,4.6737,0.37769993328900003,5.41799070446,5.294757980869999
1296,8.469080419813599,8.957081556442713,5.74725563484981,5.2717,0.30910755714,5.98303126575,5.61294677525
1297,9.05790554756214,9.261580654194024,5.911213441345329,5.5861,0.290464982536,6.776412143130001,6.57629105035
1298,9.34847974555107,9.546441866617176,6.909698944131828,6.5382,0.295952746628,7.309791879310001,6.85609140896
1299,9.727294166550656,9.829876743825311,7.058762765624524,6.8147,0.714731247218,7.7433995403199996,7.48638730278
1300,9.857407161386483,10.046567755582043,7.801951925534322,7.4375,1.46229662057,8.127668991230001,7.80332377166
1301,9.572088186998087,10.122903752723346,8.063866635550044,7.7507,2.6130807113,8.81119770959,8.22659520645
1302,9.899183029538174,10.986369581377536,8.536218588630335,8.169,2.73359809583,10.0214234638,8.556123379219999
1303,10.947789766111546,10.43947239160579,8.844827653498264,8.4947,2.8368887859500003,9.58456100866,8.44467543147
1304,10.997959432080766,9.928781799553116,8.344041776124792,8.3846,2.57537795993,8.933945997999999,7.968763468250001
1305,9.807150099810448,9.075738008970209,7.54057502972861,7.9142,2.34407928545,7.54051934866,6.52921680339
1306,9.81524859443422,9.629912501197909,5.4620166880748,6.4916,1.32218908105,6.39277403056,6.03962391702
1307,11.425066865226285,9.086830530875073,5.485107627656727,6.0078,0.737599959024,4.64378930258,5.03247371961
1308,9.391878370154455,8.60411717578586,4.277608408748559,5.0125,0.687874798214,3.06285000298,3.32453309982
1309,8.77752675615078,8.460942151712935,2.2626037077391894,3.3247,0.640097102314,1.92035754469,2.4991408444
1310,8.363231081164525,8.179959594839007,1.8561317626105505,2.509,0.646859780517,1.14568264622,2.28489403836
1311,6.5238341161766495,7.3000839011617344,2.1472089259297054,2.2973,0.713586479755,0.913575124069,2.09093653744
1312,6.0186828225304225,7.194211092098072,2.1707098338237913,2.1056,0.8442752051379999,1.30070623942,2.5790107438
1313,6.480425148685631,8.061774656251194,2.8854471918327933,2.5879,0.971017075951,2.45767504787,4.2256838576
1314,8.383081325390286,8.018607624780934,4.291793460906959,4.2152,0.999143043849,2.4214290398,3.8353342931400003
1315,7.124355512829661,7.889981455244587,3.265306960927376,3.8294,0.933477450407,2.98186410771,4.27293427817
1316,7.26630930113706,7.927887735040348,4.117569679747685,4.2619,0.843082811386,3.2816141301700004,4.66585642574
1317,7.927910004083454,8.395297008740998,4.787127573392761,4.6502,0.702148621103,4.0202948132800005,5.0709500177199995
1318,8.50403176289791,8.760423084022399,5.302778051043693,5.0505,0.546759919838,4.68961214461,5.46145150916
1319,9.112997669458895,9.320243208823811,5.7400066740486695,5.4364,0.381601780464,5.294757980869999,5.95258606544
1320,9.41765100521912,9.875532509308066,6.300156636402404,5.9218,0.303998092976,5.61294677525,6.1837524232200005
1321,9.483864239511025,9.920452906106359,6.401039269841518,6.1502,0.286947321559,6.57629105035,6.75905132725
1322,9.521314556392841,9.99362605578229,7.093824334733708,6.7188,0.566325982379,6.85609140896,6.8495411832599995
1323,9.506453579094957,9.90262297115433,6.926851028738879,6.8082,1.1466564054100001,7.48638730278,7.0903682019700005
1324,9.766332542863127,9.98900607224623,7.265541553135305,7.0462,1.79118023967,7.80332377166,7.2250167243
1325,9.839555196866769,10.293558403796684,7.3642145851380825,7.1792,2.7083082812400003,8.22659520645,7.57126250507
1326,10.02513716588409,11.091182241308566,7.82860961378439,7.5214,2.8283016443299998,8.556123379219999,7.785179360439999
1327,10.571349342985542,10.44539906411516,7.995700160624693,7.7328,2.91899248977,8.44467543147,8.276704773230001
1328,11.378630515596415,10.09330547092107,8.602053108191406,8.2186,2.85621460082,7.968763468250001,7.76357798501
1329,10.392905508922837,9.60328307862029,7.208832805860964,7.7115,2.97983595316,6.52921680339,7.47448066839
1330,10.01220477597683,10.028153598394297,7.167398498946903,7.4258,2.2378933623900004,6.03962391702,7.41273135291
1331,11.607798283995878,9.197450214603652,7.344960517264928,7.3648,1.20649926177,5.03247371961,6.61182699519
1332,9.089103285291637,8.522352515805755,5.8954569688844005,6.5733,0.646583443091,3.32453309982,5.191122597780001
1333,7.595237040846766,7.7112477549095315,4.147283227107668,5.1693,0.604199276752,2.4991408444,4.85117002608
1334,6.044153773161389,6.37379057852854,4.356042222371353,4.8333,0.6112412062879999,2.28489403836,4.97506616168
1335,5.490609111253061,6.0752866178506135,4.899791452251202,4.9558,0.6693019526380001,2.09093653744,6.091486332070001
1336,5.729687568944117,6.434234695391793,6.099290528930792,6.0591,0.790775006835,2.5790107438,6.245187227690001
1337,5.820055171085911,7.388102671591336,6.185784249771306,6.2109,0.900777294388,4.2256838576,7.41678356935
1338,7.566874333210967,7.111831094769127,7.411131883841284,7.3688,0.9201677025239999,3.8353342931400003,7.4600252211899996
1339,6.501074480324399,7.230660028894518,7.247429871845474,7.4115,0.858414395257,4.27293427817,7.292418044139999
1340,6.800193922002908,7.420042972916384,7.023049683710429,7.2459,0.780680891855,4.66585642574,7.50863511499
1341,7.514141393902652,7.9107754988128525,7.53739370386531,7.4595,0.653619648901,5.0709500177199995,8.575121413239998
1342,7.938928820577857,8.257412520361445,8.728026595483144,8.5135,0.758120560756,5.46145150916,8.514212613689999
1343,8.29569719002889,8.593887261264701,8.267052045821256,8.4533,1.2341974506,5.95258606544,8.4097188887
1344,8.84072840724442,9.166908555317924,8.221817053930478,8.35,1.81146915871,6.1837524232200005,8.53436548403
1345,9.132124999547756,9.424417377075232,8.565573457846476,8.4732,2.40248812322,6.75905132725,8.87636701872
1346,9.572840726602529,9.778050596471541,9.08923302035167,8.8112,2.9261428783700003,6.8495411832599995,9.353061953180001
1347,9.783235136643256,9.999248452690853,9.681743524205652,9.2822,3.43293968311,7.0903682019700005,9.4012669695
1348,9.91856661416311,10.089524525165569,9.443204730655754,9.3299,3.9548661592400003,7.2250167243,9.58143296837
1349,10.398377367985496,10.622850299844785,9.719303542617746,9.5079,4.92868344492,7.57126250507,10.161270409
1350,11.048844667102733,11.713550051620437,10.471487660937825,10.081,4.974722906219999,7.785179360439999,11.1227600318
1351,11.568283702800374,11.554236471229778,11.543871990944833,11.030999999999999,4.74568685726,8.276704773230001,11.2597988191
1352,12.165539493035583,10.935746813652273,11.33221267610181,11.167,4.18499858455,7.76357798501,10.1740453615
1353,10.185983970231353,9.92998901418233,9.182467046033402,10.094,3.34005094957,7.47448066839,8.83112627513
1354,8.279962819415681,9.3761930483098,7.7777124333949015,8.7665,1.88279438914,7.41273135291,8.52389575246
1355,7.647380799395929,6.57738320516363,7.9879792763551025,8.4628,0.815777908345,6.61182699519,6.175028978069999
1356,4.6728785313726195,4.9376066482067476,4.85954711951506,6.1416,0.64866842298,5.191122597780001,4.87972326995
1357,3.205533047057969,3.551726383894933,3.8332172865856524,4.8615,0.605562434953,4.85117002608,4.03759363881
1358,2.8901813659763302,2.8927658844816713,3.3192137293287627,4.0293,0.6124792536300001,4.97506616168,3.4177565535500003
1359,2.4670393946242903,2.747321036170015,3.0449246458167663,3.4168,0.670672925482,6.091486332070001,3.4718955050199996
1360,2.5725575050796823,3.050188027346059,3.5562604246766347,3.4703,0.792375939815,6.245187227690001,4.06480494172
1361,2.957493140441927,4.320131497510412,4.350887383930947,4.0562,0.902561380322,7.41678356935,5.6322331093199995
1362,4.013369310666255,3.6466617731510658,5.782762574127022,5.6052,0.921781585424,7.4600252211899996,5.518777055519999
1363,3.7952300066317335,4.234915463178778,5.198168932162009,5.4931,0.85980171347,7.292418044139999,6.409592551769999
1364,4.147870037494409,4.578512330905451,6.309294373633575,6.3734,0.781799957939,7.50863511499,6.938041291860001
1365,4.65826207557992,4.99625834878943,7.153555588643329,6.8956,0.654283788138,8.575121413239998,7.387717511010001
1366,5.053095007164054,5.33620838282842,7.658295208267793,7.34,0.517698040185,8.514212613689999,7.623140061900001
1367,5.62391890358743,5.809932041328995,7.803620413771164,7.5727,0.372258343705,8.4097188887,7.943579785880001
1368,6.092629348962538,6.299333626525642,8.184518113462834,7.8894,0.30642213931999995,8.53436548403,8.02949306134
1369,6.403653143852011,6.65126605425289,8.124519464969586,7.9743,0.298041364599,8.87636701872,8.03634300793
1370,6.922345455660901,7.010466944674018,8.06902886156449,7.981,0.63204214272,9.353061953180001,7.858715674480001
1371,7.34344118288496,7.374785449567263,7.737728927203246,7.8055,1.10543643273,9.4012669695,7.74684390668
1372,7.496970952883572,7.602028365015562,7.695170493714746,7.6949,1.63144462205,9.58143296837,7.61683170865
1373,7.907534287311364,8.088217811316545,7.569115639355101,7.5664,2.44244810744,10.161270409,7.83892720497
1374,8.47250347648763,9.00029735009947,8.011739143069095,7.7859,2.67433746282,11.1227600318,8.82123805036
1375,10.01473622678916,9.640486107699342,9.084945756092946,8.7567,2.5230914595500002,11.2597988191,8.89857274009
1376,9.20767731928493,8.205244228786633,8.86687200228537,8.8331,2.45881871564,10.1740453615,8.15057644421
1377,8.461853786499272,7.733681706096673,7.37893977617411,8.0939,2.66175826372,8.83112627513,7.954940637839999
1378,7.593309293141666,7.880398389773813,7.631786575043941,7.9006,1.7798627390200001,8.52389575246,8.70183709412
1379,7.8481500346179045,6.0520963447063885,8.658115996935196,8.6387,1.16946807564,6.175028978069999,7.622782116589999
1380,5.084058357800682,4.876003208588332,6.585410466773115,7.5723,0.6507397858039999,4.87972326995,7.34734306662
1381,3.79182923292366,3.934773963810526,6.795363955268224,7.3001,0.607681913797,4.03759363881,7.9720673061800005
1382,3.117999566129912,3.143707601940511,7.790434361524158,7.9175,0.614898122489,3.4177565535500003,7.951394399269999
1383,2.374531653561359,2.8167260045441003,7.717572755679557,7.8971,0.6741152440449999,3.4718955050199996,8.43974754697
1384,2.2306663020465995,2.8713067953129197,8.509242199947776,8.3797,0.796623252676,4.06480494172,7.863857518130001
1385,2.406590627832024,3.843797622415894,7.170608032322248,7.8106,0.907263027377,5.6322331093199995,9.4168480042
1386,3.7791534285123314,3.4790262927074664,8.593364114326786,9.3453,1.18081738005,5.518777055519999,8.36940395492
1387,3.6946478497512785,4.012756884309785,7.134043097363133,8.3102,1.4738041177899999,6.409592551769999,8.48349256848
1388,3.7095975098886287,4.248362790243945,7.7692745551588525,8.4229,1.8830297971799999,6.938041291860001,8.46628292615
1389,4.274020104482919,4.64191690022105,8.045421046826977,8.4059,2.42077426667,7.387717511010001,8.61407381205
1390,4.77872294776532,5.0583017038708515,8.476496936018702,8.552,2.9320083424699996,7.623140061900001,9.37175916665
1391,5.0180480019606195,5.333096362074185,9.511212996240776,9.3007,3.4373785291800005,7.943579785880001,9.95696941597
1392,5.1977242184289185,5.57593004621825,10.294683242970054,9.879,3.7924722117800003,8.02949306134,10.6847714284
1393,5.390749695046132,5.809417526841138,11.106173527847869,10.597999999999999,4.138296690350001,8.03634300793,11.211768563900002
1394,5.5799959924094615,5.897884293666058,11.627693758514953,11.119000000000002,4.401191518380001,7.858715674480001,11.371457551099999
1395,5.591166358611801,5.884715252100027,11.526305584652002,11.277000000000001,4.667512949630001,7.74684390668,11.473720802999999
1396,5.7840039433003945,6.033281099687466,11.583160607627219,11.378,4.96344424609,7.61683170865,11.678499495699999
1397,6.014468174587079,6.315334730883135,11.865742556321674,11.58,5.25303073556,7.83892720497,11.9991148912
1398,6.361983694119235,7.094038114378394,12.268306256607211,11.897,5.539888282050001,8.82123805036,12.9478156
1399,7.6484829119998095,7.252309907993579,13.290003039221128,12.835,5.5147208578499995,8.89857274009,13.202849313900002
1400,7.399829561254907,6.39393976191657,13.386258723916693,13.087,5.6086266586,8.15057644421,12.2097948953
1401,6.761277231656489,5.836030003138215,11.265553117290965,12.105,5.5829701864,7.954940637839999,12.3845461052
1402,5.855239230338015,6.018152910932694,12.012975465416526,12.277999999999999,6.29396673481,8.70183709412,13.4142992599
1403,6.009878078112701,4.137909004823353,13.289612170798966,13.296,5.71413800717,7.622782116589999,11.7198809198
1404,3.8245524389064647,3.3102600593223594,10.524344620107353,11.620999999999999,5.74884700592,7.34734306662,11.989820711199998
1405,2.539130238501761,2.4863704118912504,11.31419897724642,11.888,5.16869775921,7.9720673061800005,11.6901812246
1406,2.4909156766823335,2.119749632203527,11.036687834352696,11.592,4.86773698345,7.951394399269999,11.417303994800001
1407,3.24539524702514,2.784516286000836,10.941524406003419,11.322000000000001,4.7517136456,8.43974754697,11.420045287799999
1408,3.97200024123073,3.7189474819268913,11.24612736532152,11.325,5.1230942081199995,7.863857518130001,11.7941070157
1409,3.9760244801054085,5.04077470694988,11.910932206246848,11.695,4.66578655055,9.4168480042,12.712286258499999
1410,5.496904581272089,5.0735886439970015,13.004607392710367,12.602,4.77779140888,8.36940395492,11.299114514300001
1411,4.95510314016963,5.327207595802738,10.257734660830854,11.205,4.659028847019999,8.48349256848,11.998114239200001
1412,4.733481139901637,5.497114730240084,11.35184479416413,11.895999999999999,4.69998033797,8.46628292615,12.510205216
1413,4.626147447214737,5.423283590614789,12.41965971753482,12.402000000000001,4.78389534274,8.61407381205,12.7261564172
1414,5.016253750708375,5.558787424970111,12.702184092052347,12.616,4.96351184101,9.37175916665,12.38004678
1415,5.49511725300712,5.833352238363124,11.91867013709735,12.274000000000001,5.05470339111,9.95696941597,11.9582788101
1416,5.96010400630524,6.218738290356424,11.518747254578608,11.857000000000001,5.065811870319999,10.6847714284,12.0014141743
1417,6.508236544354475,6.7059127481143825,11.924972109083349,11.899000000000001,5.0636241989599995,11.211768563900002,12.15678602
1418,7.039971907305368,7.097525324883415,12.261928593234025,12.052999999999999,5.0160483366,11.371457551099999,12.2283112167
1419,7.522863419347898,7.527218002125936,12.31041930412822,12.124,5.004048754549999,11.473720802999999,12.675151838
1420,8.046226821385966,8.013514905679198,12.938232058706165,12.565,5.0463844925300005,11.678499495699999,12.982157588900002
1421,8.316442178433434,8.478012859023995,13.24864105761426,12.869000000000002,5.126978310719999,11.9991148912,13.3171152624
1422,8.779093400352737,9.459567789196228,13.597691555288431,13.2,5.11909960692,12.9478156,14.6329547734
1423,10.178930520048638,9.69022150346472,14.825863318131258,14.5,5.04481988417,13.202849313900002,14.169756061
1424,10.199891146712801,9.181313814720134,13.560795432504538,14.042,4.62155503377,12.2097948953,13.396177968599998
1425,8.51096657490854,8.013282586952576,12.602284455934795,13.277999999999999,4.380182142340001,12.3845461052,12.647920533699999
1426,6.889247914408515,7.596647784386389,11.939563825352367,12.538,3.09278695439,13.4142992599,13.1913228109
1427,7.336588020347083,5.692657827247929,12.866188029949178,13.075,2.2649440315200002,11.7198809198,12.6320656616
1428,5.738063229315092,4.9959101266938255,11.900079634130824,12.523,1.7361836759599998,11.989820711199998,12.256347603900002
1429,3.8236809323918903,4.033220616376092,11.771484119360279,12.151,1.27000606936,11.6901812246,12.2807555007
1430,3.687095282452122,3.643696444990072,12.151729935939192,12.175,0.858151826473,11.417303994800001,12.3563462105
1431,3.171755907929939,3.366643903232862,12.38363816438142,12.25,0.704270377062,11.420045287799999,13.241099441700001
1432,2.705569985149441,3.1851302675638657,13.429342854590814,13.125,1.12096254846,11.7941070157,12.1718501558
1433,2.9048920108636156,4.276343733489464,11.206412877674719,12.068,0.911745651578,12.712286258499999,13.7231094099
1434,3.9241966729811164,3.822119296351826,12.63869374699024,13.600999999999999,1.0275103888600001,11.299114514300001,12.442076265699999
1435,3.5825862319052066,3.9916560280147912,11.067632827463568,12.335,1.2472878866600001,11.998114239200001,12.1870174182
1436,3.800927938255672,4.317298461826443,11.274840315784406,12.083,1.66444872198,12.510205216,12.3231893853
1437,4.25880623394061,4.74880334758406,11.866982897964387,12.217,2.22203214968,12.7261564172,12.4990807508
1438,4.760962854495153,5.110884789654046,12.346756506467996,12.390999999999998,2.79734407389,12.38004678,12.6068372718
1439,5.285724331674472,5.520371828866878,12.554413395961086,12.498,3.3902705325099998,11.9582788101,13.0503891488
1440,5.816323210746403,6.003764956300159,13.228740454147292,12.936,3.89707260573,12.0014141743,13.5276330498
1441,6.308567544894437,6.489645115317861,13.835011520060181,13.408,4.3833840452,12.15678602,13.7127972282
1442,6.717658223624468,6.840818906394212,13.868542781495222,13.591,4.813408316259999,12.2283112167,13.7170986938
1443,7.056572336002189,7.170894797423509,13.729813700054466,13.595,5.25344650233,12.675151838,13.978285185
1444,7.322766923130111,7.421851659608651,14.160085750745267,13.853,5.74428880111,12.982157588900002,14.3337787985
1445,7.644640206389386,7.854430248141485,14.614295728253298,14.204,6.79851094854,13.3171152624,14.591883498900001
1446,8.117455635053533,8.83386938200113,14.834507914351784,14.459000000000001,6.380027807619999,14.6329547734,15.9885702624
1447,9.463699170869967,9.007724081076937,16.09312516443683,15.84,6.241342433220001,14.169756061,15.5277754075
1448,9.407178796419238,8.332557204060404,14.893033854175743,15.384,5.59767462352,13.396177968599998,15.047082335799999
1449,7.975488782087597,7.339293516445949,14.477745348373045,14.909,5.02514344705,12.647920533699999,13.4847786778
1450,6.946802596684227,7.396863285086967,12.305757806263472,13.365,3.3193349632599998,13.1913228109,13.3526856271
1451,6.960418763877405,5.4641803229091686,12.754961200373042,13.235,2.17814376196,12.6320656616,10.778479777100001
1452,4.3944982592291115,3.953503650503296,9.370546312277177,10.690999999999999,1.18999886768,12.256347603900002,10.1769697432
1453,3.0030206355419007,3.2732111203224803,9.263165121363373,10.096,0.651806008763,12.2807555007,8.96736665231
1454,2.2958497123597845,2.420385163501431,7.955776205462438,8.9011,0.659294364109,12.3563462105,8.077349024830001
1455,2.4352290194432387,2.396198692975443,7.32275653009026,8.0215,0.727087583665,13.241099441700001,7.88364336603
1456,2.3959833853232704,2.5745675448930836,7.6254125866852664,7.8301,0.859926341936,12.1718501558,8.106125931900001
1457,2.243631814416945,3.509849022810424,8.205228564407651,8.05,0.988616347071,13.7231094099,10.2950516763
1458,2.719326931731053,2.9036708205806674,9.835941997887783,10.213,1.01722371095,12.442076265699999,9.52906014151
1459,2.677026405967798,3.097403970112501,8.623103175147303,9.4562,0.950608665775,12.1870174182,9.79066495159
1460,2.9053073533442086,3.3925918440440532,9.374040602782971,9.7147,0.858846257735,12.3231893853,10.0987449509
1461,3.2705735607477076,3.7805396710187096,10.039364462629555,10.019,0.715545521212,12.4990807508,10.4133773826
1462,3.736856805453314,4.128826899732452,10.51756525834552,10.33,0.55752184344,12.6068372718,10.6855521373
1463,4.2727243712425,4.527136653992153,10.845669423915039,10.599,0.808431526928,13.0503891488,10.910753436099998
1464,4.843132181415011,5.006169323357097,11.080189701837442,10.822000000000001,1.33907103551,13.5276330498,11.06425953
1465,5.392064026575833,5.512081116323736,11.204067233808638,10.972999999999999,1.90022094182,13.7127972282,11.1513102578
1466,5.872926256393543,5.930709497520242,11.251215564131485,11.059000000000001,2.4009754444499998,13.7170986938,11.134769468699998
1467,6.280342944864804,6.315427789247154,11.157132812194078,11.043,2.9005812876599997,13.978285185,11.3380445552
1468,6.634031486536822,6.6624160644485055,11.508085260034921,11.244000000000002,3.4406871805300003,14.3337787985,11.3835900624
1469,7.044543188817327,7.164578059146299,11.466328932806954,11.289000000000001,4.39363385938,14.591883498900001,11.682955678499999
1470,7.610032788804175,8.248408082769458,11.908907556132803,11.585,4.49568282828,15.9885702624,12.352061662999999
1471,8.983072889524465,8.466370684227472,12.718192948609687,12.245999999999999,4.1963333374400005,15.5277754075,12.1528760621
1472,8.946310918666754,7.797633122465415,11.89446906086483,12.049000000000001,3.51125211399,15.047082335799999,11.6720995175
1473,7.730001205584138,7.000429799227723,11.20670429034331,11.574000000000002,2.57921570194,13.4847786778,9.86358718627
1474,6.171113729896571,6.728016721453891,8.652535969627818,9.7868,1.60759488292,13.3526856271,9.026659609400001
1475,5.176941032234774,4.202177739968893,8.213967691140818,8.9597,0.7581440076289999,10.778479777100001,6.4680969964
1476,3.490382597925003,2.9724291813195225,5.15424527973391,6.4312,0.702412597524,10.1769697432,5.13884975034
1477,2.272961806795287,2.2963833759748344,4.119528665711255,5.1176,0.654494850036,8.96736665231,4.16339744784
1478,1.5784818717727045,1.711320864153163,3.4534516630654726,4.1537,0.6611842010629999,8.077349024830001,3.4725552504699997
1479,0.9088025131996553,1.1481066928773545,3.1388813964318354,3.4709,0.7291528510709999,7.88364336603,3.333643295
1480,0.773947625099103,1.0742404492910005,3.4766105162471854,3.3337,0.862577252016,8.106125931900001,3.7475826817800004
1481,0.9069851317031759,1.9655699244596538,4.116625701353881,3.7427,0.991897530738,10.2950516763,5.15114542483
1482,1.3088867939766633,1.5670130904099877,5.342341815951583,5.1298,1.02060238962,9.52906014151,4.65358678266
1483,1.7025696533571455,1.9289562779317027,4.043891187691618,4.6381,0.9537702875130001,9.79066495159,4.9745557947500005
1484,2.0983610096231367,2.3782671794983927,4.809866733863483,4.9553,0.861757850615,10.0987449509,5.33553583922
1485,2.5473033311304056,2.909136590544006,5.444647835370084,5.312,1.08641383175,10.4133773826,5.930389504349999
1486,3.160197816034675,3.429848214595027,6.224778494168507,5.8999,1.62115101622,10.6855521373,6.4201840805199994
1487,3.8300625376977244,3.9747028020985593,6.771810019821013,6.3839,2.2710252884599997,10.910753436099998,6.73350343013
1488,4.524681303248639,4.573299649497854,7.001704217920844,6.6935,2.8611476009099994,11.06425953,7.06895224536
1489,5.203110048994833,5.196050834602758,7.347492390660263,7.025,3.43321083155,11.1513102578,7.471930575580001
1490,5.741814839834918,5.7107242964798175,7.795993186092533,7.4233,3.9209408464599997,11.134769468699998,7.79014251288
1491,6.229143277490303,6.182980341660004,8.081027170476375,7.7377,4.3965262876099995,11.3380445552,7.947930315689999
1492,6.654826824582882,6.622388408307241,8.119311101579456,7.8937,4.89843085325,11.3835900624,8.28682656555
1493,7.116157750910652,7.182198980468795,8.55239201159083,8.2286,5.90438927963,11.682955678499999,8.64416480701
1494,7.771198971205189,8.346273136042921,8.949643736414666,8.5817,5.7173049555999995,12.352061662999999,9.08211502498
1495,9.310973062613884,8.687664617980476,9.431146866797578,9.0145,5.3327816007,12.1528760621,9.71020040028
1496,8.68351816848571,7.748807912847915,10.1308404741552,9.6352,4.38192847058,11.6720995175,8.68961751422
1497,7.45762596474184,6.780475257683287,7.7801903077167935,8.6266,3.8861632017800005,9.86358718627,7.35114973041
1498,6.3338568587626956,6.586893602132907,6.273348726022169,7.3039,2.1019957525599997,9.026659609400001,6.79998221855
1499,5.252042851637291,4.412210577871781,6.153003376102426,6.7592,0.933081748142,6.4680969964,4.9659701723000005
1500,3.23115367392659,2.8828038465945234,3.791927936711142,4.9468,0.6591682998830001,5.13884975034,3.9341388011300005
1501,2.086027266730329,2.1066773193315758,3.0875009044934996,3.9271,0.615200515163,4.16339744784,3.36572864055
1502,1.3757764240479924,1.4720332165834178,2.9323283253826617,3.3654,0.622143263146,3.4725552504699997,3.1393597545599996
1503,0.8206213995945104,1.0479080363316746,3.1102383727909255,3.1417,0.68126538728,3.333643295,3.35346485677
1504,0.793037803998688,1.0212456506935768,3.6120415850157195,3.3533,0.8047476413310001,3.7475826817800004,3.920243053
1505,0.9540905415084315,1.8178947463884603,4.316431713760948,3.9134,0.916800844315,5.15114542483,5.76426346322
1506,1.2044805026771304,1.6201986636374694,5.812661077827751,5.7357,0.936527255071,4.65358678266,5.33173084131
1507,2.0704369493845993,2.1349209679940864,4.751859658935125,5.3082,0.873659174584,4.9745557947500005,5.919913007030001
1508,2.5323267954718913,2.675250882507152,5.724704301437921,5.8895,0.7945706020479999,5.33553583922,6.235192624400001
1509,2.9275162993320927,3.2580682015400133,6.2852746580335435,6.2011,0.665059613659,5.930389504349999,6.937835390289999
1510,3.52030465209369,3.8092001897014502,7.191285750234353,6.8954,0.5263132701,6.4201840805199994,7.63853634476
1511,4.150663451609447,4.34783891043406,8.052090033781083,7.5879,0.729991762454,6.73350343013,8.1759659405
1512,4.759514863833561,4.885507426494883,8.586970590802865,8.119,1.34489668206,7.06895224536,8.67359158566
1513,5.29509808622551,5.38190269169645,9.06673126997433,8.6108,2.0590883940099998,7.471930575580001,9.1659798345
1514,5.724262285823898,5.8001275326099915,9.55995004642513,9.0974,2.74767580545,7.79014251288,9.42957122722
1515,6.0780204936953375,6.146213450285611,9.689163486260709,9.3579,3.42045376752,7.947930315689999,9.63782206182
1516,6.346244301706009,6.4515282571874035,9.84485140371548,9.5637,4.10979113196,8.28682656555,9.98741865849
1517,6.653338903447061,6.864942938426136,10.271232030289386,9.9091,5.19193768783,8.64416480701,10.0397443931
1518,7.138081080708709,7.874809925879056,10.118085702852575,9.9609,4.94244839597,9.08211502498,10.625993936
1519,8.365774778497745,7.848738981230273,10.8903480403155,10.54,4.874730517880001,9.71020040028,10.636137316000001
1520,7.4639247579681305,6.785028953683782,10.613376491515123,10.55,4.17736760522,8.68961751422,10.009718877200001
1521,6.601888900028653,5.883289988767249,9.384258197746078,9.9312,3.55396388589,7.35114973041,10.011987924
1522,5.49228902776781,5.5164484674363035,9.844476889070485,9.9334,1.9351740936900002,6.79998221855,11.3645346549
1523,4.331789611236516,3.5501733394039667,11.162199393014967,11.27,0.78137393596,4.9659701723000005,10.085230119
1524,2.482196601217238,2.123410521823979,8.99268115029605,10.006,0.660641869964,3.9341388011300005,9.82810001395
1525,1.5953370749150935,1.419467147079437,9.197138529445098,9.7517,0.616130120864,3.36572864055,9.66596851653
1526,1.318401782682379,1.0967327801742304,9.282220725578377,9.5915,0.622838334211,3.1393597545599996,9.46375055401
1527,1.3287873052506152,1.1690154498809613,9.174101199646673,9.3916,0.682130372474,3.35346485677,9.27101286613
1528,1.3578207297646077,1.3472620146569008,9.060609542271319,9.2012,0.805821274348,3.920243053,9.058938977919999
1529,1.6141071128831705,2.18457450420177,8.881253403609934,8.9916,0.9179111609,5.76426346322,10.2219976534
1530,2.6172620900684023,2.769107763810109,10.08421356267679,10.141,0.9373278698799999,5.33173084131,8.9216141654
1531,2.894011817029133,3.0249422513615065,7.814467825607611,8.8559,0.874076872714,5.919913007030001,8.771907698
1532,3.287759436019235,3.507734191006327,8.185260932941693,8.7079,0.794569900127,6.235192624400001,8.98952732829
1533,3.811438713497603,4.126043815447034,8.809767977952028,8.923,0.664530728319,6.937835390289999,9.188907657
1534,4.38942310337921,4.697601167161334,9.201654490477518,9.12,0.5252618669210001,7.63853634476,9.6417018909
1535,4.986289056144612,5.2315192630230385,9.85507903534984,9.5675,0.376977395399,8.1759659405,10.2131195497
1536,5.55917315719895,5.736861254902934,10.562936463019549,10.132,0.309923014308,8.67359158566,10.5849481695
1537,6.02990618698181,6.17676224168104,10.891612613295438,10.5,0.292419083328,9.1659798345,11.031570631600001
1538,6.4763923569761985,6.584063871631395,11.369746251342027,10.940999999999999,0.297454896488,9.42957122722,11.1956362921
1539,6.820691262553961,6.913336455778632,11.363116355783335,11.103,0.730387723973,9.63782206182,11.513781619200001
1540,7.087275299257772,7.221533437721171,11.762022248153894,11.418,1.4001439422600002,9.98741865849,11.7408413568
1541,7.386022886044037,7.62930843755893,11.961515557685264,11.642000000000001,2.43665974287,10.0397443931,11.8022559003
1542,7.848193957166302,8.611954156970596,11.890601130087571,11.703,2.65827753309,10.625993936,11.750481793399999
1543,9.116364542290004,8.523399204565155,11.744120650878038,11.651,2.7575674823400003,10.636137316000001,11.7704263015
1544,9.031770180442923,8.098793830943393,11.827814411268884,11.671,2.9618304001599998,10.009718877200001,11.6968444406
1545,7.727912588597764,7.036887309103716,11.689272671571201,11.597999999999999,1.7681429601599998,10.011987924,12.0186379318
1546,6.479283668046346,6.469902958823401,12.228130327256785,11.915999999999999,0.78340896663,11.3645346549,12.2333484447
1547,6.5893359580129,5.350761248180655,12.444842657257167,12.129000000000001,0.705989312698,10.085230119,10.1106618877
1548,4.801795521411755,4.240486022114309,8.850822120851163,10.031,0.660525828719,9.82810001395,10.1484847917
1549,5.035336552926563,4.2903691662184364,9.509867946160574,10.068,0.615693229015,9.66596851653,10.278924007899999
1550,4.751238322002264,4.252380241701497,10.040390186985848,10.197000000000001,0.622679981609,9.46375055401,9.42145792997
1551,4.590069261617898,4.37621806638912,8.503863524262785,9.3498,0.682063649007,9.27101286613,9.30265126245
1552,4.581091578588195,4.600272927459724,8.892198712845877,9.2324,0.806117464404,9.058938977919999,9.71637463205
1553,4.700033515614011,5.3635494620832205,9.690775661637252,9.6413,0.9184232345479999,10.2219976534,11.7711886607
1554,6.054708377221303,6.090867879808191,11.440717714022446,11.672,0.937841876316,8.9216141654,10.6085272973
1555,5.214249314489458,5.8683222282711265,9.638243380773842,10.523,0.874393800623,8.771907698,10.9427703106
1556,5.243032680969534,5.949018403906368,10.452680307302352,10.853,0.794678853932,8.98952732829,11.3255073322
1557,5.6148470659296805,6.245990664261495,11.25542057933191,11.231,0.664288458245,9.188907657,11.828295828699998
1558,5.93456115960057,6.546682694838461,12.001705292117782,11.728,0.524653374643,9.6417018909,12.3094735092
1559,6.295319101349084,6.831016795431546,12.595865005269754,12.204,0.375996349493,10.2131195497,12.8126354952
1560,6.707046136201875,7.120470817926026,13.159016578335548,12.700999999999999,0.308909653125,10.5849481695,13.0008868999
1561,7.0775551157391,7.41141220771177,13.169885292980709,12.887,0.291171043091,11.031570631600001,13.132714415299999
1562,7.37569588128858,7.65162483152964,13.259770409082382,13.017000000000001,0.296560969959,11.1956362921,13.5484585521
1563,7.611807825285674,7.850061175183141,13.824557656674878,13.427999999999999,0.34851826844899997,11.513781619200001,13.649995829000002
1564,7.782026898660544,8.046393037241193,13.759049773248861,13.529000000000002,0.693920281459,11.7408413568,13.7927876039
1565,8.012213988786401,8.364209849773378,13.927172600543942,13.67,1.7427277141,11.8022559003,13.805699563
1566,8.39351837840497,9.260012471305837,13.85381879867553,13.682,2.09426583852,11.750481793399999,14.744453233900002
1567,9.696204455771404,9.198392513908095,14.906741049711655,14.61,2.2490975301900002,11.7704263015,14.166951857699999
1568,9.43380824941544,8.55252404541034,13.46708320352036,14.039000000000001,1.7518490065299999,11.6968444406,13.2387122795
1569,8.473611085150342,7.702778453964849,12.348085663980621,13.122,1.25073708281,12.0186379318,11.8887442139
1570,8.462332465225952,7.934314795412694,10.830898361819653,11.788,0.785823406876,12.2333484447,12.201495076199999
1571,9.933854254710578,7.724086670705438,11.593997427137229,12.097000000000001,0.707876197844,10.1106618877,9.49558590173
1572,8.653358379376831,7.617058085748395,8.038530038600532,9.4231,0.6622576403320001,10.1484847917,7.994502028130001
1573,8.078558503559496,7.333188723433149,6.712094654215526,7.9397,0.6171083255300001,10.278924007899999,7.00370640411
1574,7.933167235351549,7.424895352609221,5.971793659460562,6.9605,0.623901757337,9.42145792997,6.70611939999
1575,7.985220288927474,7.6615092893669265,6.123637213161142,6.6665,0.6830598020399999,9.30265126245,7.16074769911
1576,7.849963357291253,7.884558415646591,6.94544898278966,7.1157,0.8077160585940001,9.71637463205,7.2534396686000004
1577,8.150879576036278,8.836674605544344,7.199728161062895,7.2073,0.9205533768909999,11.7711886607,9.04400536605
1578,9.947014350012667,9.576670328519503,8.714179546455451,8.9768,0.940144951696,10.6085272973,8.34716115171
1579,8.336962714666642,9.30219209681047,7.452943662530525,8.2882,0.8765152048520001,10.9427703106,8.83292031198
1580,8.221221677932409,9.234557220822488,8.397127908819865,8.7682,0.79654262095,11.3255073322,9.420701664680001
1581,8.609220247511328,9.403673532756928,9.452745093168025,9.3491,0.665744099716,11.828295828699998,10.0392757921
1582,8.868841144974729,9.629753916659723,10.306287092063988,9.9604,0.525647594557,12.3094735092,10.620524724600001
1583,9.150849335901402,9.850302686554523,10.982913748634697,10.535,0.376516849983,12.8126354952,11.4930579553
1584,9.467074871627673,10.050778613616894,11.93152731370768,11.397,0.309100756175,13.0008868999,12.0756577191
1585,9.730624316379526,10.233019306091851,12.533236285272348,11.972999999999999,0.291354851147,13.132714415299999,12.49235618
1586,9.9297118081968,10.371272641452396,12.853863419098378,12.385,0.296742176254,13.5484585521,12.8064184501
1587,10.068113413576537,10.464982938171072,13.09640074036113,12.695,0.522769291103,13.649995829000002,13.159853211700002
1588,10.15524474755198,10.574021257957963,13.464152507399307,13.044,1.2011831545799998,13.7927876039,13.464807349900001
1589,10.27001897356445,10.78136366856591,13.74798934270524,13.345999999999998,2.1299983988799998,13.805699563,13.447360195
1590,10.550078794992952,11.591660553527937,13.459665659197029,13.328,2.47475854637,14.744453233900002,14.351982938499999
1591,10.942898492855122,10.975533907376194,14.496377894801787,14.222000000000001,2.66957845596,14.166951857699999,14.3739734904
1592,11.709985482796105,10.701772468522762,14.25841485416102,14.244000000000002,2.52514730386,13.2387122795,13.5106881073
1593,10.337163250961071,9.820548080751887,12.645317446233669,13.390999999999998,2.21277691589,11.8887442139,13.5014609916
1594,9.538665548522351,9.636617941333085,13.173617042456678,13.382,1.3284564940299999,12.201495076199999,14.7593643322
1595,10.070970444478377,8.451613619994014,14.489068849928367,14.625,0.709231241701,9.49558590173,12.9535427076
1596,7.946460346591339,7.576149984964948,11.7377990218771,12.84,0.664657719868,7.994502028130001,12.3804258099
1597,6.813449064622988,6.680861370609109,11.493762537939467,12.274000000000001,0.6199139879209999,7.00370640411,11.8616745091
1598,5.871601740041626,5.990771792795807,11.135214339196327,11.761,0.627073532156,6.70611939999,11.7104502693
1599,6.004103877936997,5.883497307562993,11.358862496540713,11.612,0.686916754329,7.16074769911,11.5340791996
1600,5.814404993973338,5.955832174441738,11.313901898452649,11.437999999999999,0.812024386184,7.2534396686000004,11.180754598399998
1601,5.992711108600531,6.839523573936034,10.858935888269531,11.088,0.925202186534,9.04400536605,12.740703823399999
1602,7.629382722857269,7.021934616261292,12.22389945566811,12.63,0.945070248045,8.34716115171,11.347185531900001
1603,6.348536673604597,7.177316619280288,10.145851114801204,11.253,0.881469711775,8.83292031198,11.4081568892
1604,6.4145183223526985,7.287223247400287,10.733072602211482,11.312999999999999,1.10043862537,9.420701664680001,11.632922013599998
1605,6.949234530777776,7.5800849587879595,11.382381939003778,11.535,1.6333925258500002,10.0392757921,12.2270161375
1606,7.345185580689604,7.940928722716066,12.318122746430248,12.122,2.2181151329900004,10.620524724600001,12.2249594979
1607,7.787590786337872,8.325383117441621,12.074313752174021,12.12,2.8424430994,11.4930579553,12.580244123699998
1608,8.233656726680266,8.668710773055563,12.681513232499455,12.470999999999998,3.39538061936,12.0756577191,13.196175614500001
1609,8.637742736570086,8.990811179378406,13.501131719184405,13.08,3.90431977612,12.49235618,13.7660693001
1610,8.973399900784372,9.267449929978689,14.160432564322807,13.642999999999999,4.33987279883,12.8064184501,13.767833983800001
1611,9.225229170357903,9.487254988190656,13.740578805757675,13.645,4.78343440199,13.159853211700002,13.862162901800001
1612,9.399175082933633,9.70126111560609,13.926100704410798,13.738,5.2808992314,13.464807349900001,13.8275529366
1613,9.632063912060609,10.026523367444668,13.824282769744093,13.704,6.32864698898,13.447360195,14.008633106600001
1614,10.004710503931872,10.833606496549127,14.156664313201995,13.883,6.130474893380001,14.351982938499999,14.2966851118
1615,10.513361998865658,10.6705660290607,14.541163532529746,14.168,5.9531585726,14.3739734904,15.079598708199999
1616,11.236833129247131,10.118589506386702,15.441705777209997,14.940999999999999,5.15129938562,13.5106881073,14.356098409500001
1617,9.376235345719607,9.100287659210181,13.608667198884609,14.225999999999999,4.47020435636,13.5014609916,13.925231406500002
1618,7.743694921646065,8.39481202185645,13.438869280938713,13.800999999999998,2.64785230686,14.7593643322,13.8998867399
1619,7.488666947959331,6.3951832435106715,13.766162547232538,13.776,1.41319512651,12.9535427076,11.0637552699
1620,4.98952071973177,5.027347041697698,9.684115848761966,10.972999999999999,0.7097952106759999,12.3804258099,9.51877391725
1621,4.1617604456916,4.043191995978502,8.283534170025051,9.446,0.6614262581279999,11.8616745091,8.59869812706
1622,3.401825274040933,3.5112286963888004,7.6516893673634065,8.5368,0.668459519699,11.7104502693,7.873543070580001
1623,3.043775689145936,3.0297544909981564,7.226837938277245,7.8201,0.7376074474619999,11.5340791996,7.904755848080001
1624,3.2502368866609284,3.2522675674602866,7.743122955559419,7.851,0.873039082086,11.180754598399998,8.26341100013
1625,3.4961118283018386,4.244217680012761,8.414184433912736,8.2054,1.00424256423,12.740703823399999,10.2357440632
1626,4.70716920301731,4.009995751305961,10.00230013444394,10.155,1.03329534986,11.347185531900001,9.395336028880001
1627,4.420980811835636,4.785657753832068,8.531455525549191,9.324,0.96532861942,11.4081568892,9.48141749568
1628,4.76222911692868,5.268926155436876,9.095070570914702,9.4091,0.871699831456,11.632922013599998,9.760727323189998
1629,5.337490692099945,5.752886944771654,9.715395355281364,9.6851,0.725386381918,12.2270161375,9.908420489560001
1630,5.913633472527728,6.307108898151602,9.923670269897132,9.8311,0.591213418327,12.2249594979,10.228778234
1631,6.487150324028866,6.8503786567745895,10.398822753333565,10.148,1.05001104479,12.580244123699998,10.3331267331
1632,7.051792768318878,7.341117414444688,10.411362428921397,10.251,1.6026855424700002,13.196175614500001,10.390408640599999
1633,7.565846797769506,7.7854740223383185,10.445871739788053,10.307,2.1610884564,13.7660693001,10.4156057198
1634,7.980485658786726,8.159022124440575,10.463820278207246,10.332,2.64405245344,13.767833983800001,10.401621110599999
1635,8.3158897903491,8.469409153463287,10.429519967109272,10.318,3.10480027452,13.862162901800001,10.576295159099999
1636,8.57564635106521,8.778815957732807,10.73693614459124,10.491,3.6263617445999996,13.8275529366,10.8531264255
1637,8.885975685614344,9.185169837273428,11.099090434513768,10.765,4.5229138645199995,14.008633106600001,11.1635395145
1638,9.345604971762556,10.001203777175654,11.441661415917798,11.071,4.35761429573,14.2966851118,12.4231923152
1639,10.777637686757906,10.616109623756547,12.637873382435988,12.315999999999999,4.13497826598,15.079598708199999,11.867934528900001
1640,10.715136022101783,9.593125045908277,11.201258330678234,11.767999999999999,3.62289521926,14.356098409500001,11.419698833699998
1641,8.828574620588107,8.577375164810844,10.889532396424606,11.325,2.52467020312,13.925231406500002,10.1237230486
1642,6.864185752947943,7.710707243936673,9.060061595994721,10.044,1.1953099836799999,13.8998867399,10.1239854619
1643,6.467909665842301,5.525323201374637,9.634186353858244,10.044,0.7638143232819999,11.0637552699,7.433858369119999
1644,4.130326963653689,4.242536228523166,6.014234340112181,7.3856,0.711495575863,9.51877391725,6.0908981311699995
1645,2.912239758011689,2.9591875213917884,4.903553864656902,6.0585,0.662002831177,8.59869812706,4.98877628422
1646,2.727440886081694,2.6534552244083125,3.9972091738431663,4.9693,0.668764954754,7.873543070580001,4.1447980732800005
1647,1.802107555781673,1.9976635703713534,3.438585530380549,4.1353,0.7381209497589999,7.904755848080001,4.01219759476
1648,1.738277936366811,1.9214572029544708,3.8075930637916033,4.0042,0.873786507621,8.26341100013,4.4929893309699995
1649,2.110692549959407,2.85006458656443,4.5970075409946265,4.4794,1.00521461098,10.2357440632,6.43581873849
1650,3.0147169584862725,2.4748275413428167,6.216203797751972,6.3993,1.0341512761299998,9.395336028880001,5.714780128049999
1651,3.171548709291225,3.3145774749458736,4.892548307622003,5.6868,0.965882510166,9.48141749568,6.23446302754
1652,3.619595104984217,3.950614202794016,5.8522416022602375,6.2003,0.871975863098,9.760727323189998,6.94409330043
1653,4.221832861390578,4.5430763143385295,7.025953485180784,6.9016,0.725252656828,9.908420489560001,7.7117010773
1654,4.863925376584777,5.165708005344831,8.04817185455475,7.6602,0.56342718484,10.228778234,8.179973164789999
1655,5.542998130465767,5.804452387083502,8.512472969488616,8.123,0.39180387581799997,10.3331267331,8.75485555286
1656,6.209898887245615,6.397289417778691,9.134426986032295,8.6911,0.311211312892,10.390408640599999,9.57531637748
1657,6.82512104144293,6.937813896004963,10.03091633141871,9.5019,0.327950802498,10.4156057198,9.979197951489999
1658,7.340286084829691,7.411872657248642,10.333878032704543,9.901,0.888762726374,10.401621110599999,10.1754482695
1659,7.781927321158212,7.824864515455407,10.364771582850404,10.095,1.66599309498,10.576295159099999,10.7146596968
1660,8.14290980942522,8.24061354917943,11.034969635334992,10.628,2.48551846484,10.8531264255,10.5710791365
1661,8.575304827235094,8.762577601261324,10.399626452972672,10.485999999999999,3.7155627696900004,11.1635395145,10.7748559121
1662,9.191294715572374,9.778182239196589,10.853311696546227,10.687000000000001,3.84996576823,12.4231923152,11.0730531821
1663,10.75610926732038,10.387981094527895,11.288582180596848,10.982000000000001,3.88336450165,11.867934528900001,11.0375884304
1664,10.598204126100772,9.414794699220488,11.010528785147491,10.947000000000001,3.1068721261000003,11.419698833699998,10.3319742618
1665,8.673035465230068,8.3161099742026,9.663631187272763,10.25,2.10891610366,10.1237230486,8.76583235247
1666,7.197674973971892,7.842346621823261,7.649512858659582,8.7019,0.7913356475309999,10.1239854619,7.89452906864
1667,7.004108197237756,5.894518569567772,7.120764705048508,7.8409,0.712973442878,7.433858369119999,5.088781045859999
1668,4.833041596612429,4.78269435048052,3.7554283406311137,5.0681,0.667016269292,6.0908981311699995,3.20238761356
1669,3.4748781145069665,3.6377651560968673,2.0296810087772594,3.2039999999999997,0.621550425432,4.98877628422,2.17010112718
1670,2.6304590871273836,2.7457340629666147,1.3592792271462089,2.1838,0.628739237603,4.1447980732800005,1.35334129454
1671,2.0625901171110144,2.3205592447183823,0.8967364305023557,1.3767,0.6890860994429999,4.01219759476,1.2475878176000001
1672,1.9516506118783983,2.1853466290350063,1.3198974911076207,1.2722,0.815134540794,4.4929893309699995,1.68977202063
1673,2.1354501184494445,2.9116025405826162,2.0039691456207906,1.7091,0.929115501659,6.43581873849,3.58090511311
1674,3.136413985449353,2.7171126691861174,3.454341926426361,3.5780000000000003,0.9487816800839999,5.714780128049999,3.5402042808
1675,3.0436948934823467,3.2395315699226983,3.1868369252206485,3.5378,0.884402095335,6.23446302754,4.86999686708
1676,3.373441612746939,3.785478087303303,4.518284805239927,4.8519,0.8035056183939999,6.94409330043,5.924759584019999
1677,3.9151996398745625,4.314346923779405,6.214681716458779,5.8943,0.671113413206,7.7117010773,6.83756235605
1678,4.499546486618882,4.8718162359525685,7.307821825617543,6.7963,0.529198118153,8.179973164789999,7.8675350571600005
1679,5.091784342016448,5.427889835794224,8.39656848075703,7.8142,0.378312012149,8.75485555286,8.57925032656
1680,5.694932653391352,5.952698131510889,9.12769946878141,8.5175,0.310060898228,9.57531637748,9.39547041714
1681,6.233606378743846,6.412904763224382,9.923933493721174,9.3242,0.292195729366,9.979197951489999,10.0090104284
1682,6.724455617794909,6.838263914485809,10.510603063977458,9.9305,0.297521834363,10.1754482695,10.6597634348
1683,7.128943360346277,7.201914497060785,11.143855468478051,10.574000000000002,0.44814717731799997,10.7146596968,10.7579124797
1684,7.459307995197104,7.584998967480864,10.86093868167127,10.671,1.0421017073299998,10.5710791365,11.2604643145
1685,7.860568351730866,8.075916005964721,11.526945717027491,11.167,1.8474191689200001,10.7748559121,11.666575616400001
1686,8.409735398502626,9.080565674170256,11.988482081554551,11.569,2.0108786360299997,11.0730531821,12.925658515899999
1687,9.794119478430366,9.433307185974586,13.188579958100147,12.812999999999999,2.15242736741,11.0375884304,12.468518398299999
1688,9.734699113154049,8.497109959377893,11.883199654917705,12.360999999999999,1.7219113465400002,10.3319742618,11.783018743
1689,8.45741438198453,7.7668498647469235,11.070374647447077,11.684000000000001,1.07418017798,8.76583235247,10.3456023473
1690,7.749420863029635,7.865748727604047,9.241150712392757,10.263,0.794822172222,7.89452906864,9.523722260589999
1691,7.563819154414408,6.209637957532835,8.758511592330649,9.4509,0.715704213742,5.088781045859999,6.8636033239300005
1692,5.830357774212539,5.426705816383993,5.53947137448346,6.8221,0.669319486048,3.20238761356,5.06424242174
1693,5.029025861719027,4.787443617850199,3.9073150468752695,5.0439,0.623849340942,2.17010112718,3.7284077641800004
1694,3.879234325235279,3.9569449959091294,2.816252197787995,3.7238,0.630968463135,1.35334129454,2.66953768202
1695,3.2169294015798355,3.5324725549123044,2.0464149723593765,2.6774,0.691350242494,1.2475878176000001,2.3684313148099996
1696,3.1023136303321546,3.392289677249522,2.3029005832274176,2.3798,0.8178166972409999,1.68977202063,2.94173905714
1697,3.362218539345363,4.121642541949696,3.10556220865548,2.9464,0.9323082494600001,3.58090511311,4.6481650635400005
1698,4.181603240717772,3.8962451696852733,4.532844634794407,4.6327,0.952166697,3.5402042808,4.36275471259
1699,4.098503924281041,4.325011707055247,3.798222900758359,4.3507,0.887713060114,4.86999686708,5.0706601906
1700,4.414879091942937,4.843371619302861,4.8491123321433305,5.0502,0.806653673576,5.924759584019999,5.59951397615
1701,4.908028411620839,5.359253345041038,5.749795895888834,5.5729,0.673897357886,6.83756235605,6.462750658130001
1702,5.4279096811391625,5.871269373052172,6.789448213048939,6.4259,0.531543227643,7.8675350571600005,7.20271657859
1703,5.976462401865807,6.3881495636148085,7.668657479412563,7.1572,0.380108075219,8.57925032656,7.8850746552399995
1704,6.5211794266041565,6.8588644572838895,8.36714150801348,7.8315,0.535395854241,9.39547041714,8.371136726760001
1705,6.98166050809795,7.258052666722241,8.78479404299422,8.3119,1.08723593467,10.0090104284,8.71894206736
1706,7.421907574645714,7.618995726349313,9.038646851579019,8.6556,1.6488731143000002,10.6597634348,8.35746077255
1707,7.759080406159859,7.914612574519978,7.9829729949292565,8.2984,2.17764034635,10.7579124797,7.85879107518
1708,8.026981576621846,8.23536962729397,7.423496354823289,7.8056,2.73024830433,11.2604643145,7.58657370577
1709,8.337863584374706,8.644633827310084,7.380383098318953,7.5365,3.5759533778300003,11.666575616400001,8.12447020447
1710,8.802745420354492,9.586691946025502,8.229285128164333,8.0681,3.55675243395,12.925658515899999,8.72664704757
1711,10.133601394329178,9.822286036923257,9.058790752926544,8.6632,3.5316888736400003,12.468518398299999,8.634710140610002
1712,9.035806479127071,8.35024381950398,8.481578851674469,8.5723,2.98245124292,11.783018743,7.9672807706199995
1713,7.826002922313046,7.428005217934304,7.31123369273426,7.9128,2.30797113234,10.3456023473,6.673801415440001
1714,6.3474637941182905,6.829560208569307,5.665814994325983,6.6345,1.0653792229999999,9.523722260589999,5.868631564859999
1715,5.320138958600481,4.621401841417921,5.1696544702694505,5.8388,0.7166992751819999,6.8636033239300005,3.5898754047500003
1716,3.271483509263491,3.306112210074832,2.35357180974725,3.5869,0.670861899403,5.06424242174,2.30604645991
1717,2.1396598171576118,2.1289928552382866,1.3590077802396743,2.3182,0.624976346038,3.7284077641800004,1.3432229122400001
1718,1.7737007603486825,1.6349993541030599,0.6994319774318091,1.3667,0.631853917814,2.66953768202,0.822908407026
1719,1.2010372991092169,1.3245203995189354,0.6344998796867263,0.8524700000000001,0.692401574562,2.3684313148099996,0.886950269553
1720,1.3738153928042576,1.4491165594614037,1.1260489756965035,0.91576,0.8191566216030001,2.94173905714,1.33470466222
1721,1.4084045999332973,2.0752439519923467,1.7391311301442132,1.3582,0.933778757626,4.6481650635400005,2.8473302343799998
1722,1.948803291531462,1.7931813960916037,3.0280428733247806,2.8531,0.953651555587,4.36275471259,2.64118725417
1723,2.282637185993398,2.33089956814912,2.2557300214788305,2.6494,0.8889957240200002,5.0706601906,2.86194889987
1724,2.5901519343929165,2.8754758896602355,2.807717070877366,2.8675,0.807703996851,5.59951397615,3.91502159816
1725,2.967518555853669,3.3823627539702943,4.0310336250117444,3.9082,0.674587625115,6.462750658130001,4.45863674391
1726,3.458131205732957,3.882615349957262,4.7772695745416,4.4454,0.531933648287,7.20271657859,4.79493625454
1727,3.9882141592125735,4.381129312238805,5.0356581093248405,4.7778,0.380040040526,7.8850746552399995,5.734313896980001
1728,4.523728742572157,4.836150360380676,6.052295481437023,5.7061,0.311608440779,8.371136726760001,6.2479386115199995
1729,4.98982030371301,5.241544056977247,6.63039030904268,6.2137,0.467931035013,8.71894206736,6.83019870867
1730,5.375020481906121,5.561729467160653,7.231600358639,6.7891,1.0288054255799999,8.35746077255,7.146548724650001
1731,5.702229669786188,5.8382625216429975,7.43401527358732,7.1017,1.69370003398,7.85879107518,7.43139236339
1732,5.940821957509041,6.128020248103967,7.686037058753235,7.3832,2.4080554797900002,7.58657370577,7.70243115802
1733,6.225775930052885,6.513312723270586,7.952909944052699,7.651,3.31426115897,8.12447020447,8.04793071137
1734,6.657516938095924,7.444546007358873,8.341116624210237,7.9925,3.52926122681,8.72664704757,8.40910252682
1735,7.19802749198996,7.045147632565412,8.721805480904822,8.3494,3.4844076472500003,8.634710140610002,8.14543571434
1736,7.76314362275267,6.603871912440713,7.877529637991805,8.0888,3.85169149916,7.9672807706199995,7.90583537594
1737,6.993985463732019,5.98278019011822,7.703982409727147,7.8521,3.6417746558099995,6.673801415440001,7.80739555219
1738,5.871842557861163,5.804667442611421,7.756924938062491,7.7548,2.19421721092,5.868631564859999,7.429766587989999
1739,5.296487329899659,4.220225035816833,7.143903600342225,7.3816,1.6510819701100001,3.5898754047500003,5.07668358569
1740,3.9327780007079474,3.4624482423092244,3.7632061667032586,5.0562,1.03677147079,2.30604645991,4.101653707980001
1741,2.3929865258665663,2.3853130640170206,3.167018864006559,4.0926,0.667838075441,1.3432229122400001,2.7578384295099996
1742,1.855899098958369,1.7443012619915246,1.7843385727528678,2.7646,0.634957129601,0.822908407026,2.10324823653
1743,1.5522361722261977,1.621969378048048,1.560468603210325,2.1177,0.715916417625,0.886950269553,1.82046457001
1744,1.2662699126568975,1.454711310370936,1.708503760944269,1.8383,1.20666439892,1.33470466222,2.1696253282900004
1745,1.2580482656085978,1.9703473250038746,2.3801709227158745,2.1833,1.14116632349,2.8473302343799998,3.35201421374
1746,1.5983458000579123,1.6843527822570372,3.5580170581568935,3.3518,1.36865130165,2.64118725417,3.04744720769
1747,1.919472292867703,2.0208706615887317,2.581873593120207,3.0508,1.5191212285,2.86194889987,3.3927707084099996
1748,2.308838368722369,2.545341031219416,3.320841433494235,3.3921,1.9672044903700001,3.91502159816,3.7964135367300003
1749,2.771857633447221,3.119282802043287,3.9689753072930887,3.7910000000000004,2.53424107088,4.45863674391,4.20969386242
1750,3.3733669375064887,3.71583196165847,4.476827544215452,4.1994,3.09306072944,4.79493625454,4.7698315434500005
1751,4.05917787150115,4.344664078024806,5.131453217507671,4.753,3.65423071116,5.734313896980001,5.2486307549
